-6.152302622795104980e-01	-2.017004489898681641e-01	9.594650864601135254e-01	-2.665956914424896240e-01	1.381029844284057617e+00	-7.353495955467224121e-01
3.353215456008911133e-01	-9.123456478118896484e-01	-1.467987656593322754e+00	-1.175512790679931641e+00	9.141994714736938477e-01	-5.027836561203002930e-02
1.211878061294555664e+00	9.041485190391540527e-01	2.145664095878601074e-01	2.739953517913818359e+00	-6.403238773345947266e-01	-8.426341414451599121e-01
-5.438482761383056641e-01	1.930463314056396484e-01	1.855910420417785645e-01	1.376975059509277344e+00	1.568692922592163086e-02	-8.322525620460510254e-01
-9.223033785820007324e-01	-1.705503463745117188e-01	8.480079174041748047e-01	2.107392847537994385e-01	1.861465692520141602e+00	-1.503495216369628906e+00
7.690566778182983398e-02	-2.182191014289855957e-01	9.583724737167358398e-01	1.499494910240173340e-02	1.479363441467285156e+00	-8.208312392234802246e-01
7.483482360839843750e-02	-1.326290369033813477e-01	-5.282896757125854492e-01	5.333570837974548340e-01	-1.722487211227416992e+00	7.235211133956909180e-02
-1.268556356430053711e+00	-3.762946128845214844e-01	-2.822252511978149414e-01	6.938224434852600098e-01	3.428146243095397949e-01	2.880036234855651855e-01
4.384916722774505615e-01	-4.313203096389770508e-01	-1.580559015274047852e-01	6.362560987472534180e-01	8.912954926490783691e-01	2.182013392448425293e-01
5.503345727920532227e-01	-1.235459372401237488e-01	5.564174056053161621e-01	9.001369476318359375e-01	1.504331827163696289e+00	3.858452439308166504e-01
6.436169743537902832e-01	-8.015190809965133667e-02	1.014298915863037109e+00	-3.773277103900909424e-01	1.387181043624877930e+00	-8.134935498237609863e-01
1.567824184894561768e-01	-5.230575799942016602e-01	-7.093020677566528320e-01	5.404914617538452148e-01	4.445024728775024414e-01	2.817072272300720215e-01
6.363421082496643066e-01	-4.137659072875976562e-01	4.557299613952636719e-01	-4.617913067340850830e-01	3.254858255386352539e-01	-4.437895417213439941e-01
-9.186101555824279785e-01	-8.760015964508056641e-01	-2.081617355346679688e+00	4.427009522914886475e-01	8.652217984199523926e-01	3.646950125694274902e-01
-4.344027340412139893e-01	-1.386218070983886719e-01	8.553996086120605469e-01	9.177470207214355469e-01	1.670839667320251465e+00	-1.341691970825195312e+00
-7.622286677360534668e-01	-1.502276659011840820e-01	8.777719736099243164e-01	-7.952622175216674805e-01	1.323564052581787109e-01	-1.329711198806762695e+00
6.070101857185363770e-01	-7.052218168973922729e-02	8.741916418075561523e-01	-1.023624539375305176e+00	-3.533064126968383789e-01	-1.185874938964843750e+00
-1.004502534866333008e+00	-4.165740013122558594e-01	-3.219616413116455078e-02	3.696807026863098145e-01	4.287092685699462891e-01	7.412809133529663086e-02
1.994356513023376465e-01	-7.073866575956344604e-02	1.291236281394958496e-01	1.012403368949890137e+00	1.265728771686553955e-01	-1.082585453987121582e-01
-8.080446720123291016e-01	-2.103172987699508667e-02	1.383781433105468750e-03	1.355371832847595215e+00	-5.848814249038696289e-01	-1.331079602241516113e-01
-9.579759240150451660e-01	-3.169149160385131836e-01	-1.229857325553894043e+00	5.210940241813659668e-01	-2.581387996673583984e+00	3.270046114921569824e-01
-8.694736957550048828e-01	1.250904798507690430e-01	-5.478140115737915039e-01	9.436261653900146484e-01	-2.008826732635498047e+00	-4.455369114875793457e-01
-8.630159497261047363e-01	1.050821617245674133e-01	3.339210152626037598e-01	7.457966804504394531e-01	-2.224135398864746094e-01	-1.226903200149536133e+00
-1.550856590270996094e+00	4.677403718233108521e-02	-3.599306344985961914e-01	1.124524831771850586e+00	-1.102874517440795898e+00	-3.500736355781555176e-01
-1.489984989166259766e+00	-1.812740564346313477e-01	-7.745414972305297852e-01	6.460995078086853027e-01	-2.602635383605957031e+00	2.530757784843444824e-01
4.239175617694854736e-01	-4.915934056043624878e-02	1.075846195220947266e+00	1.207857429981231689e-01	1.603146314620971680e+00	-5.461736321449279785e-01
-1.206417798995971680e+00	-5.302249640226364136e-02	-2.385900020599365234e-01	8.154224157333374023e-01	-8.437632322311401367e-01	-2.455862164497375488e-01
-4.578019380569458008e-01	7.706845551729202271e-02	7.325295209884643555e-01	1.037150859832763672e+00	8.267945051193237305e-01	-1.397229909896850586e+00
2.865952253341674805e-02	4.101050645112991333e-02	9.328457713127136230e-01	6.433212757110595703e-01	1.205937147140502930e+00	-1.423672676086425781e+00
-6.362811923027038574e-01	-1.570664644241333008e-01	-3.166680335998535156e-01	7.106522321701049805e-01	-9.422531127929687500e-01	1.112596392631530762e-01
2.441226541996002197e-01	1.349999904632568359e-01	8.749475479125976562e-01	5.859276652336120605e-02	-7.411968708038330078e-01	-1.622570514678955078e+00
2.784493565559387207e-02	-4.937822818756103516e-01	1.053408384323120117e-01	-3.833062350749969482e-01	4.574410915374755859e-01	-2.360152602195739746e-01
2.223349213600158691e-01	1.648981571197509766e-01	6.945681571960449219e-01	3.792081773281097412e-01	-8.477344512939453125e-01	-1.481985807418823242e+00
-8.918183296918869019e-02	-5.474091172218322754e-01	-4.511028528213500977e-01	-3.971414268016815186e-01	1.588600277900695801e+00	3.115505576133728027e-01
-4.171292185783386230e-01	3.689991235733032227e-01	9.309500455856323242e-02	1.789832353591918945e+00	-1.056631207466125488e+00	-1.397745609283447266e+00
1.196733117103576660e-01	1.331657171249389648e-01	1.347388029098510742e-01	1.904359340667724609e+00	2.431971430778503418e-01	-7.056142687797546387e-01
1.114052534103393555e-02	-2.910774350166320801e-01	1.000101804733276367e+00	1.333906948566436768e-01	1.705429553985595703e+00	-3.585592508316040039e-01
8.852090239524841309e-01	-3.492267131805419922e-01	9.115828275680541992e-01	-6.319762468338012695e-01	8.489328622817993164e-01	-8.604423403739929199e-01
5.179083347320556641e-01	-2.119323015213012695e-01	-1.800629496574401855e-01	-8.221516013145446777e-02	-1.494013547897338867e+00	-3.507426381111145020e-01
7.839066386222839355e-01	4.869142770767211914e-01	-1.415381431579589844e-01	2.788148641586303711e+00	-4.736826419830322266e-01	-6.691429018974304199e-01
2.849144339561462402e-01	1.346743702888488770e-01	9.457355141639709473e-01	7.723294496536254883e-01	1.708755612373352051e+00	-4.062751531600952148e-01
-1.190933585166931152e-01	3.549821674823760986e-03	2.206462025642395020e-01	8.237395286560058594e-01	-4.327616691589355469e-01	-5.654420256614685059e-01
-1.273646354675292969e+00	-4.595025777816772461e-01	3.779364824295043945e-01	-4.735535383224487305e-02	1.384112119674682617e+00	8.755505084991455078e-03
3.050248920917510986e-01	-8.206795901060104370e-02	1.430197596549987793e+00	-5.224630236625671387e-02	2.375529527664184570e+00	3.656625747680664062e-01
-3.053701519966125488e-01	2.863812446594238281e-01	3.997486829757690430e-01	1.619613647460937500e+00	-1.137290000915527344e-01	-1.532913684844970703e+00
-1.049840927124023438e+00	-5.534932613372802734e-01	6.404249072074890137e-01	-9.309381246566772461e-01	1.757217168807983398e+00	-3.083842992782592773e-02
-3.720239996910095215e-01	-3.506111353635787964e-02	5.716907978057861328e-01	1.171336412429809570e+00	1.044737696647644043e+00	-4.983275532722473145e-01
3.152568936347961426e-01	-4.992400854825973511e-02	1.006160855293273926e+00	-5.297849178314208984e-01	-1.340918540954589844e-01	-1.503343582153320312e+00
-7.169728279113769531e-01	1.513103246688842773e-01	1.959896087646484375e-01	9.850133657455444336e-01	-3.982948064804077148e-01	-1.067331314086914062e+00
-7.649131417274475098e-01	-8.188946247100830078e-01	-1.449670910835266113e+00	-2.771136462688446045e-01	2.570986747741699219e-01	-3.699260950088500977e-02
-1.271361708641052246e-01	3.139782696962356567e-02	7.136548757553100586e-01	5.355613231658935547e-01	2.862423658370971680e-02	-1.188593864440917969e+00
-2.333416938781738281e-01	1.423490792512893677e-02	3.028043508529663086e-01	1.736982822418212891e+00	-3.977926969528198242e-01	-2.509513497352600098e-01
-7.453070282936096191e-01	-1.238611862063407898e-01	-1.296225190162658691e-01	8.229236602783203125e-01	-5.744118690490722656e-01	-1.387673616409301758e-02
1.782895326614379883e-01	5.563903599977493286e-02	9.906041622161865234e-02	1.722009539604187012e+00	2.763805389404296875e-01	-3.936112523078918457e-01
6.642810106277465820e-01	1.974024772644042969e-01	6.519537568092346191e-01	1.262376546859741211e+00	1.100360035896301270e+00	-1.946064829826354980e-01
-4.522156715393066406e-01	-1.803085803985595703e-01	4.573700428009033203e-01	6.649845838546752930e-01	4.929218888282775879e-01	-3.601667284965515137e-01
1.014410257339477539e+00	-6.896176338195800781e-01	-6.212139129638671875e-01	-8.186084032058715820e-01	7.701914310455322266e-01	-2.510005235671997070e-02
1.564989984035491943e-01	-1.909657716751098633e-01	6.185445785522460938e-01	9.118205308914184570e-02	2.073425054550170898e-01	-7.528837323188781738e-01
-5.219084024429321289e-01	9.608126431703567505e-02	5.023060441017150879e-01	1.193706631660461426e+00	6.718375682830810547e-01	-8.993809819221496582e-01
-1.218403577804565430e-01	2.578250169754028320e-01	-9.801781177520751953e-02	1.791518449783325195e+00	-1.353090047836303711e+00	-9.191418290138244629e-01
-1.062058061361312866e-01	-3.687101602554321289e-01	1.412408351898193359e-01	-6.552531719207763672e-01	-1.188532352447509766e+00	-7.258813977241516113e-01
8.424520492553710938e-02	-2.067276239395141602e-01	2.069288492202758789e-01	6.511108875274658203e-01	7.800924777984619141e-02	-1.021469235420227051e-01
-5.566673874855041504e-01	6.003029644489288330e-03	-1.995967626571655273e-01	7.746559381484985352e-01	-1.244564533233642578e+00	-3.822715878486633301e-01
-8.618806004524230957e-01	3.724373579025268555e-01	1.762736439704895020e-01	1.694077610969543457e+00	-2.828162908554077148e-02	-1.282465219497680664e+00
-8.233159780502319336e-02	-3.372763991355895996e-01	7.624465823173522949e-01	4.384867846965789795e-01	1.583759188652038574e+00	-1.250665783882141113e-01
-1.619506835937500000e+00	-4.136663675308227539e-01	-1.114262938499450684e+00	7.186086177825927734e-01	-9.671231508255004883e-01	4.459792971611022949e-01
-9.470710158348083496e-01	-6.183500289916992188e-01	-7.473641633987426758e-02	-7.548221349716186523e-01	2.139604091644287109e+00	2.064837813377380371e-01
4.891815185546875000e-01	-1.615086793899536133e-01	1.110702037811279297e+00	-5.348374843597412109e-01	1.693759918212890625e+00	-3.501257300376892090e-01
-1.599413752555847168e-01	-4.681175947189331055e-01	3.027564883232116699e-01	2.326550781726837158e-01	1.247657060623168945e+00	-3.466039896011352539e-02
-1.051680445671081543e-01	-2.085306644439697266e-01	2.674669027328491211e-02	3.500023186206817627e-01	-6.274772882461547852e-01	-2.503316998481750488e-01
6.840398907661437988e-01	2.170674800872802734e-01	7.899971008300781250e-01	4.862633645534515381e-01	-5.818556547164916992e-01	-1.612037658691406250e+00
-7.627500295639038086e-01	2.138057947158813477e-01	-4.450908899307250977e-01	1.041371941566467285e+00	-1.918487071990966797e+00	-7.552970051765441895e-01
-1.203345060348510742e-01	1.224662140011787415e-01	4.716640710830688477e-01	5.349781513214111328e-01	-1.008477449417114258e+00	-1.369953870773315430e+00
-8.440951704978942871e-01	-2.290292978286743164e-01	7.572726011276245117e-01	-6.474571228027343750e-01	3.779723644256591797e-01	-9.482508301734924316e-01
-3.559958934783935547e-02	1.484524011611938477e-01	2.645653486251831055e-02	1.450634717941284180e+00	-6.048007011413574219e-01	-6.944802403450012207e-01
-1.342815399169921875e+00	-4.587312936782836914e-01	-7.760928869247436523e-01	4.440338015556335449e-01	-2.453339099884033203e-01	2.688543200492858887e-01
-1.667280197143554688e-01	-8.314215391874313354e-02	-3.800275325775146484e-01	9.357295036315917969e-01	-1.320362448692321777e+00	1.400911211967468262e-01
-8.306521773338317871e-01	-2.998162508010864258e-01	-2.652968168258666992e-01	4.668040871620178223e-01	-5.034868717193603516e-01	1.699399352073669434e-01
7.353261113166809082e-01	-1.012417003512382507e-01	4.129146337509155273e-01	1.708114147186279297e-02	-2.372547984123229980e-01	-5.263412594795227051e-01
-2.947525382041931152e-01	2.141038179397583008e-01	4.688231945037841797e-01	1.245640873908996582e+00	-1.836969852447509766e-01	-1.419554233551025391e+00
-4.834779202938079834e-01	-1.425017118453979492e-01	-3.831942081451416016e-01	3.214548230171203613e-01	-1.642387151718139648e+00	-2.154853940010070801e-01
5.256819725036621094e-01	1.242460086941719055e-01	1.178356885910034180e+00	-7.412773370742797852e-01	-8.880293369293212891e-01	-2.291538238525390625e+00
-3.153970837593078613e-01	-1.780023574829101562e-01	1.371339559555053711e-01	1.323037266731262207e+00	4.631590247154235840e-01	3.793502449989318848e-01
-5.106536865234375000e+00	-2.326218128204345703e+00	1.024777531623840332e+00	-1.459710407257080078e+01	4.054145812988281250e-01	-1.816870212554931641e+00
8.440918922424316406e+00	1.224009156227111816e+00	6.990610599517822266e+00	3.950497865676879883e+00	2.210424423217773438e+00	2.719560146331787109e+00
6.370644569396972656e+00	9.489714622497558594e+00	6.479101181030273438e+00	1.589868545532226562e+01	2.322625160217285156e+00	3.694314360618591309e-01
2.088335800170898438e+01	4.076402187347412109e+00	6.480960369110107422e+00	6.498168468475341797e+00	3.969950199127197266e+00	1.500001144409179688e+01
1.827835083007812500e+00	-2.908144235610961914e+00	-5.581562995910644531e+00	-7.368770122528076172e+00	-1.159687042236328125e-01	-1.081032276153564453e+00
5.236366271972656250e+00	-6.533799648284912109e+00	-2.376646423339843750e+01	-1.496586513519287109e+01	-6.314248085021972656e+00	-3.911757946014404297e+00
1.474155187606811523e+00	-2.452842950820922852e+00	-3.943135738372802734e+00	-1.957303643226623535e+00	1.037393212318420410e+00	-3.496239781379699707e-01
-3.757046461105346680e+00	7.805155515670776367e-01	1.134380102157592773e-01	2.872298955917358398e+00	-6.709515571594238281e+00	-8.115738868713378906e+00
2.216603040695190430e+00	1.710923790931701660e+00	-3.576170921325683594e+00	1.676575303077697754e+00	2.145391273498535156e+01	-2.689612388610839844e+00
1.776870340108871460e-01	-4.176366806030273438e+00	-3.704229354858398438e+00	-3.213143348693847656e+00	2.022805213928222656e+00	5.184614062309265137e-01
-5.875961780548095703e+00	-2.285808086395263672e+00	-8.249901533126831055e-01	-1.502760982513427734e+01	3.823680877685546875e-01	-8.883861541748046875e+00
-7.020025849342346191e-01	8.015121221542358398e-01	7.682486772537231445e-01	1.237211608886718750e+01	-2.922768354415893555e+00	-3.931334495544433594e+00
-4.006286621093750000e+00	-1.981166648864746094e+01	-1.380234122276306152e+00	-2.122878837585449219e+01	3.208697319030761719e+00	1.230064868927001953e+00
-1.024812889099121094e+01	-2.207611560821533203e+00	-1.380385208129882812e+01	4.489478170871734619e-01	-5.009259223937988281e+00	-1.115799427032470703e+00
4.762967109680175781e+00	9.302752494812011719e+00	4.751807689666748047e+00	4.509345531463623047e+00	1.363945770263671875e+01	-1.205801486968994141e+00
1.738898277282714844e+01	1.282606124877929688e+01	-2.353648662567138672e+00	1.309191823005676270e+00	3.435464859008789062e+00	-1.630834341049194336e+00
-1.407172679901123047e+00	-1.351362824440002441e+00	-8.686169624328613281e+00	-5.001928806304931641e-01	-7.891633033752441406e+00	-1.623495578765869141e+00
-1.765971183776855469e+00	2.274545431137084961e-01	-1.790236592292785645e+00	1.156170964241027832e+00	7.289174556732177734e+00	-3.889441013336181641e+00
3.232313394546508789e+00	-5.916860580444335938e+00	-9.557575225830078125e+00	-1.808983922004699707e+00	-1.996369171142578125e+01	-5.676204204559326172e+00
5.563211441040039062e+00	6.978031635284423828e+00	-2.681998014450073242e-01	-1.069509506225585938e+00	-1.692235946655273438e+00	-1.067684841156005859e+01
-1.710487747192382812e+01	-1.419606804847717285e+00	-2.582610607147216797e+00	-5.360823631286621094e+00	-9.223384857177734375e+00	-1.351067066192626953e+00
9.723799705505371094e+00	1.615781211853027344e+01	3.231045007705688477e-01	4.223575592041015625e+00	1.551064491271972656e+00	1.915870428085327148e+00
-1.388950824737548828e+00	-2.409974098205566406e+00	-2.619037628173828125e-01	-2.670742988586425781e+00	5.530373096466064453e+00	3.527277708053588867e+00
-7.890260696411132812e+00	-5.465431690216064453e+00	-1.863689041137695312e+01	-1.328565406799316406e+01	8.695478439331054688e+00	1.133981227874755859e+00
8.544131278991699219e+00	-4.854452133178710938e+00	-1.591202616691589355e+00	-2.193295288085937500e+01	-1.986673355102539062e+00	-7.364758491516113281e+00
-8.931494712829589844e+00	-2.612677812576293945e-01	-1.016767621040344238e+00	2.473948001861572266e+00	1.089443564414978027e+00	-3.536372661590576172e+00
3.596133232116699219e+00	1.834647178649902344e+01	4.037718296051025391e+00	8.210601806640625000e+00	1.696478271484375000e+01	-3.137538194656372070e+00
-6.775813579559326172e+00	-1.157706642150878906e+01	2.790359973907470703e+00	1.769724130630493164e+00	-5.265991210937500000e+00	-1.610743522644042969e+00
3.420977592468261719e+00	-9.425985068082809448e-02	-6.437162399291992188e+00	-1.538554549217224121e+00	-1.136721420288085938e+01	-1.118782043457031250e+00
-3.144598007202148438e+00	7.646096497774124146e-02	-1.607849001884460449e+00	-1.965136170387268066e+00	1.002371215820312500e+01	1.687623596191406250e+01
1.660455226898193359e+00	1.283934116363525391e+00	1.322700142860412598e+00	2.209288358688354492e+00	1.606668853759765625e+01	1.160104036331176758e+00
-2.881066799163818359e+00	-6.948701143264770508e-01	-2.037637233734130859e+00	4.842258989810943604e-01	-3.760316848754882812e+00	3.068298697471618652e-01
-1.508683395385742188e+01	-7.780499935150146484e+00	2.618570804595947266e+00	3.506807386875152588e-01	-1.329591751098632812e+01	-3.775479793548583984e+00
-2.014879703521728516e+00	-1.676270604133605957e+00	2.387726306915283203e-02	-5.677199363708496094e-01	1.450525665283203125e+01	1.070684623718261719e+01
1.381373023986816406e+01	1.488339614868164062e+01	-3.672215461730957031e+00	5.942773342132568359e+00	5.480737686157226562e-01	1.632159948348999023e+00
-2.445370864868164062e+01	-5.315865993499755859e+00	1.959999799728393555e-01	1.351720690727233887e+00	1.365899443626403809e+00	-8.539405465126037598e-01
-1.731772422790527344e+00	7.155865430831909180e-01	4.629024267196655273e-01	6.832365989685058594e+00	-6.447386741638183594e-01	-7.409943103790283203e+00
9.910637736320495605e-01	1.089987158775329590e+00	3.033572196960449219e+00	9.551103591918945312e+00	1.753120422363281250e+01	9.020219802856445312e+00
-4.300125241279602051e-01	2.292840242385864258e+00	1.267636299133300781e+01	6.162408828735351562e+00	1.445747375488281250e+01	2.177674674987792969e+01
2.729905128479003906e+00	2.395551109313964844e+01	4.717795372009277344e+00	1.371769618988037109e+01	1.462388610839843750e+01	1.163158893585205078e+01
2.736407279968261719e+00	-3.794386863708496094e+00	2.054830789566040039e-01	1.201848125457763672e+01	9.558477401733398438e-01	5.362970232963562012e-01
-2.963161230087280273e+00	-9.070414304733276367e-01	6.625238656997680664e-01	3.140005826950073242e+00	7.815119266510009766e+00	-4.841412901878356934e-01
2.566429376602172852e+00	2.350562810897827148e+00	4.321003913879394531e+00	1.702901077270507812e+01	1.352656364440917969e+01	5.997533798217773438e+00
-1.433479785919189453e+01	-5.662309169769287109e+00	2.452388763427734375e+00	2.653164386749267578e+00	-6.213821411132812500e+00	-7.130966663360595703e+00
7.056991100311279297e+00	1.209611701965332031e+01	-5.200071334838867188e-01	1.512149810791015625e+01	-4.157557487487792969e-01	-5.873166561126708984e+00
-1.642905044555664062e+01	-6.928352832794189453e+00	1.026624798774719238e+00	9.695204496383666992e-01	8.343560695648193359e-01	-5.576959252357482910e-01
7.739466190338134766e+00	-1.373519134521484375e+01	-6.250284194946289062e+00	2.030294179916381836e+00	-3.936055660247802734e+00	-6.534499168395996094e+00
-5.628910064697265625e+00	9.330581426620483398e-01	-2.382971763610839844e+00	9.987505674362182617e-01	-2.238515090942382812e+01	-1.919866180419921875e+01
6.969186782836914062e+00	-2.291098833084106445e-01	-3.942549705505371094e+00	8.276388645172119141e-01	-1.380118274688720703e+01	-3.265810489654541016e+00
-5.807577610015869141e+00	-5.869263172149658203e+00	-9.093885421752929688e+00	-1.466017436981201172e+01	9.170928955078125000e+00	1.443493366241455078e+00
2.615291833877563477e+00	5.300114154815673828e+00	1.567566037178039551e+00	2.738043594360351562e+01	-1.233616828918457031e+00	-1.330735683441162109e+00
-1.575503826141357422e+00	-2.764710903167724609e+00	-1.309079456329345703e+01	-1.313261127471923828e+01	-1.786152839660644531e+00	-1.717739582061767578e+00
5.720802307128906250e+00	-3.945308923721313477e-01	-2.744186401367187500e+00	8.341768264770507812e+00	-9.026538848876953125e+00	-4.525019168853759766e+00
-2.187677383422851562e+00	-1.240539193153381348e+00	-1.309226751327514648e-01	-1.080858516693115234e+01	-6.333590507507324219e+00	-1.120254516601562500e+01
-1.734481573104858398e+00	-2.667961597442626953e+00	-3.589699745178222656e+00	-3.367498636245727539e+00	9.504150390625000000e+00	-1.905602264404296875e+01
-1.288059353828430176e-01	-1.667500138282775879e+00	-1.881653666496276855e+00	-6.581452846527099609e+00	1.397078990936279297e+00	-1.045610332489013672e+01
1.862227439880371094e+00	1.347352385520935059e+00	-3.711714267730712891e+00	2.043264770507812500e+01	6.754009723663330078e+00	-1.691487121582031250e+01
-1.211864709854125977e+00	7.475441694259643555e-01	-2.306840896606445312e+00	2.153993368148803711e+00	-1.628150558471679688e+01	-1.027035713195800781e+01
-3.621286153793334961e-02	1.298040151596069336e-01	-1.151935291290283203e+01	-3.462857723236083984e+00	-1.580595970153808594e+01	-2.136625766754150391e+00
5.597863674163818359e+00	-1.418483138084411621e+00	-2.205979824066162109e-02	-9.997399330139160156e+00	-3.101990699768066406e+00	-7.946540355682373047e+00
-1.593453288078308105e-01	1.127723529934883118e-01	7.699763774871826172e-02	4.594655513763427734e+00	-3.521811962127685547e+00	-2.676428318023681641e+00
-9.943405389785766602e-01	-5.751251697540283203e+00	-6.268576383590698242e-01	-1.000957393646240234e+01	5.741495609283447266e+00	-6.568711757659912109e+00
3.077257633209228516e+00	1.503223037719726562e+01	6.431496143341064453e-02	1.019421291351318359e+01	5.738183021545410156e+00	-1.277662277221679688e+00
3.475924015045166016e+00	-5.357022210955619812e-02	7.588066101074218750e+00	-3.998752534389495850e-01	4.755472660064697266e+00	1.861836910247802734e+00
-5.696537494659423828e+00	-3.005687236785888672e+00	3.172317743301391602e-01	7.245690345764160156e+00	6.412738800048828125e+00	-1.174277114868164062e+01
-4.100188255310058594e+00	-5.656858444213867188e+00	-4.046752929687500000e+00	4.872737228870391846e-01	-6.473675727844238281e+00	-2.763376712799072266e+00
-1.115376949310302734e+00	-1.077941322326660156e+01	-9.855467081069946289e-01	-1.892287850379943848e+00	4.365353584289550781e+00	9.794983267784118652e-01
1.159195232391357422e+01	3.411107540130615234e+00	1.016583561897277832e+00	-1.520050525665283203e+01	5.713534832000732422e+00	-1.200846862792968750e+01
8.537829399108886719e+00	1.713644027709960938e+01	-6.970621109008789062e+00	1.440039253234863281e+01	-1.274562716484069824e+00	-1.422041034698486328e+01
-9.453788399696350098e-01	-2.201621532440185547e-01	2.534344673156738281e+00	-3.739825785160064697e-01	1.701318740844726562e+01	1.099175167083740234e+01
-4.814995288848876953e+00	-2.501974105834960938e+00	-8.252076148986816406e+00	-2.759480714797973633e+00	6.194907665252685547e+00	2.382298469543457031e+00
5.538733482360839844e+00	2.681710481643676758e+00	1.500481605529785156e+01	-3.861385822296142578e+00	1.462461471557617188e+01	4.977979183197021484e+00
6.420717239379882812e+00	-9.780918359756469727e-01	1.743370175361633301e+00	-1.509503936767578125e+01	-2.472688102722167969e+01	-2.000726699829101562e+01
8.634160161018371582e-01	-1.631768226623535156e+00	-9.892921447753906250e+00	-2.903468847274780273e+00	1.786360740661621094e-01	-4.562807679176330566e-01
6.120705604553222656e+00	4.553038120269775391e+00	-4.828377723693847656e+00	2.788322925567626953e+00	3.828665924072265625e+01	-1.002384662628173828e+00
-1.818851470947265625e+01	-9.496904611587524414e-01	-2.761340618133544922e+00	-5.678447246551513672e+00	-2.036059379577636719e+00	4.362463355064392090e-01
1.592191028594970703e+01	8.541226387023925781e+00	1.806951642036437988e+00	-8.242819786071777344e+00	-1.277397155761718750e+00	-1.370930671691894531e+01
8.944019317626953125e+00	-1.332498431205749512e+00	2.739642143249511719e+00	-3.719567775726318359e+00	-9.300565719604492188e-02	-1.916325569152832031e+00
-2.235179424285888672e+00	-2.879860877990722656e+00	2.434246063232421875e+00	4.465137004852294922e+00	4.537783622741699219e+00	-2.349914312362670898e+00
1.852799987792968750e+01	-3.565597534179687500e+00	-4.999768257141113281e+00	-4.473429679870605469e+00	-3.827958583831787109e+00	-2.399266719818115234e+00
2.781758785247802734e+00	2.798355817794799805e-01	1.101353526115417480e+00	-3.906460285186767578e+00	-9.633009910583496094e+00	-1.100408267974853516e+01
-1.555059909820556641e+00	-5.067096233367919922e+00	-4.507421255111694336e-01	5.451341629028320312e+00	3.415570974349975586e+00	1.609584093093872070e+00
2.517012834548950195e+00	-1.469899415969848633e-01	1.176355552673339844e+01	3.307575225830078125e+00	2.151249647140502930e+00	6.700965404510498047e+00
8.464303016662597656e+00	8.661310195922851562e+00	1.148687362670898438e+01	-2.806564807891845703e+00	1.245659828186035156e+01	-2.227306604385375977e+00
6.230872631072998047e+00	-7.635753154754638672e-01	4.344065666198730469e+00	1.280591607093811035e+00	1.034688472747802734e+00	7.019693851470947266e+00
1.725239992141723633e+00	7.956471443176269531e-01	3.569208621978759766e+00	1.403035449981689453e+01	7.969931602478027344e+00	6.798065185546875000e+00
-2.851029872894287109e+00	3.873013257980346680e-01	-1.645363450050354004e+00	1.366747498512268066e+00	4.924800872802734375e+00	-9.957318305969238281e+00
5.183283686637878418e-01	-8.273009061813354492e-01	-4.255218982696533203e+00	1.190961897373199463e-01	-1.783038377761840820e-01	1.125063300132751465e-01
-1.156266331672668457e-01	-5.517408847808837891e-01	-9.018341302871704102e-01	-2.061676263809204102e+00	2.459621429443359375e+01	5.894886016845703125e+00
-8.794429898262023926e-01	-3.715430259704589844e+00	-1.035638141632080078e+01	3.936162292957305908e-01	-7.825603485107421875e-01	-2.307235717773437500e+00
-2.279725074768066406e+00	-3.552054166793823242e-01	3.903126716613769531e-02	5.722898244857788086e-01	1.514807343482971191e+00	-8.412156105041503906e+00
5.401369094848632812e+00	-1.150578141212463379e+00	-7.781966924667358398e-01	6.314713001251220703e+00	3.631655454635620117e+00	1.547791004180908203e+00
1.863159179687500000e+01	-2.991775751113891602e+00	3.934650421142578125e+00	-3.471518456935882568e-01	1.005693674087524414e+00	3.978264093399047852e+00
3.632151603698730469e+00	5.933233737945556641e+00	1.202377510070800781e+01	2.168088436126708984e+00	9.595323562622070312e+00	1.183032274246215820e+00
1.692088365554809570e+00	2.757859230041503906e-01	1.591771006584167480e+00	6.502279281616210938e+00	6.621325492858886719e+00	4.755953311920166016e+00
2.387837886810302734e+00	-1.567675471305847168e+00	-5.657265186309814453e+00	-3.061158180236816406e+00	-2.585952758789062500e+00	-1.265495300292968750e+00
4.961389899253845215e-01	-8.540920257568359375e+00	-2.168616056442260742e-01	2.931525230407714844e+00	-1.328880071640014648e+00	-1.918796062469482422e+00
8.849449157714843750e-01	1.609251499176025391e+00	1.392149329185485840e+00	6.047372341156005859e+00	7.997597694396972656e+00	1.792431831359863281e+00
6.512168407440185547e+00	2.373358726501464844e+00	4.104191303253173828e+00	1.191495227813720703e+01	2.174104690551757812e+00	3.874726891517639160e-01
8.162866592407226562e+00	1.506662011146545410e+00	3.485110998153686523e-01	9.603615760803222656e+00	-7.862482070922851562e-01	7.374148964881896973e-01
-4.574501037597656250e+00	-2.041841030120849609e+00	-8.006289482116699219e+00	1.169964909553527832e+00	3.256476402282714844e+00	4.853486418724060059e-01
-1.179791212081909180e+00	-6.068865060806274414e-01	-4.015724658966064453e-01	5.236154556274414062e+00	4.303540229797363281e+00	-4.759706974029541016e+00
5.514562129974365234e-03	-2.647632598876953125e+00	1.383472681045532227e-01	-5.470966339111328125e+00	4.701492786407470703e+00	-2.672842264175415039e+00
4.803277850151062012e-01	-1.536853432655334473e+00	-1.228782176971435547e+01	-4.064371109008789062e+00	-6.609477996826171875e-01	-9.777055382728576660e-01
1.051340579986572266e+00	-1.462235212326049805e+00	7.506028413772583008e-01	7.090740203857421875e+00	1.093566298484802246e+00	8.129137158393859863e-01
-6.617989540100097656e+00	-2.119132280349731445e-01	5.810565948486328125e-01	5.099067687988281250e-01	1.226847767829895020e+00	-5.971346378326416016e+00
-2.981408119201660156e+00	-6.256443977355957031e+00	2.229440212249755859e+00	2.275609493255615234e+00	-8.971755027770996094e+00	-2.477602958679199219e+00
3.253996133804321289e+00	2.806767225265502930e-01	1.356668114662170410e+00	1.004786014556884766e+01	6.588097095489501953e+00	4.995745182037353516e+00
-4.574211597442626953e+00	-9.218388795852661133e-01	2.104340791702270508e-01	-4.713182449340820312e+00	8.968586921691894531e-01	2.859324812889099121e-01
1.833529472351074219e+00	-1.095510646700859070e-01	-1.867083311080932617e-01	1.970977020263671875e+01	7.086553573608398438e-01	1.178915262222290039e+00
4.515229463577270508e-01	-1.290258884429931641e+00	-1.598619222640991211e-01	1.252442455291748047e+01	1.462370967864990234e+01	1.930213689804077148e+00
-3.328013420104980469e+00	-2.599704504013061523e+00	-1.082234501838684082e+00	2.996271610260009766e+00	1.282542705535888672e+01	5.203216552734375000e+00
4.135749340057373047e+00	-2.060687303543090820e+00	4.248343706130981445e-01	-6.784296035766601562e+00	-3.327155113220214844e-01	-2.322923660278320312e+00
-6.146020889282226562e+00	-2.037183761596679688e+00	1.713298916816711426e+00	2.806472301483154297e+00	-2.597275257110595703e+00	-3.856455802917480469e+00
-6.244813919067382812e+00	-9.859353303909301758e-01	-8.402526378631591797e-01	-5.491817474365234375e+00	9.956765174865722656e-01	2.986993193626403809e-01
1.955445051193237305e+00	4.694091081619262695e-01	9.526226043701171875e+00	3.306494951248168945e+00	2.307220935821533203e+00	4.394902229309082031e+00
-6.033508300781250000e+00	1.309546232223510742e-01	-1.850757956504821777e+00	5.327620506286621094e-01	-4.122677803039550781e+00	-2.128513336181640625e+00
8.070713996887207031e+00	1.408907508850097656e+01	5.967702865600585938e+00	2.897809743881225586e+00	2.213588237762451172e+00	7.142683982849121094e+00
2.109446763992309570e+00	-1.149833440780639648e+00	8.956562280654907227e-01	-3.478479862213134766e+00	-7.954201698303222656e-01	-1.019734621047973633e+00
-2.210432767868041992e+00	-1.613780140876770020e+00	2.712648868560791016e+00	9.863342285156250000e+00	-8.901151657104492188e+00	-5.169287204742431641e+00
-1.779369711875915527e-01	7.221893072128295898e-01	-1.063869595527648926e+00	3.600054979324340820e+00	-6.628582954406738281e+00	-9.322593688964843750e+00
-1.111430406570434570e+00	-2.749142050743103027e-01	2.678680419921875000e-01	2.590898513793945312e+00	9.531019210815429688e+00	1.959023475646972656e+00
-4.944300055503845215e-01	-8.814564943313598633e-01	1.812410950660705566e+00	6.305959701538085938e+00	-3.224258422851562500e-01	-7.146521210670471191e-01
-2.860868215560913086e+00	1.037711977958679199e+00	4.436308145523071289e-01	4.275260448455810547e+00	-4.662120342254638672e+00	-8.541622161865234375e+00
-9.333630800247192383e-01	-7.318423986434936523e-01	7.282555103302001953e-02	1.729875206947326660e+00	-2.470623731613159180e+00	4.099792242050170898e-02
1.831279277801513672e+00	1.826821684837341309e+00	-4.225769042968750000e-01	-6.171036958694458008e-01	-7.414329528808593750e+00	-1.497484016418457031e+01
5.883458614349365234e+00	1.833466291427612305e-01	-2.491633892059326172e+00	-4.544791877269744873e-01	-1.324011516571044922e+01	-5.821529388427734375e+00
4.304918289184570312e+00	-2.885725975036621094e+00	-5.255659818649291992e-01	-1.601143455505371094e+01	2.431746482849121094e+00	-6.708290576934814453e+00
-4.644172668457031250e+00	-6.220532655715942383e-01	1.321077466011047363e+00	-2.615869998931884766e+00	3.149243116378784180e+00	4.491583704948425293e-01
-5.232475280761718750e+00	-2.001417636871337891e+00	-8.693372726440429688e+00	-7.621184349060058594e+00	2.897276401519775391e+00	-1.448965668678283691e-01
8.344751596450805664e-02	-3.549263000488281250e+00	3.202871084213256836e-01	2.149853229522705078e+00	-2.286899805068969727e+00	-1.023570060729980469e+00
8.118592262268066406e+00	-2.828985691070556641e+00	-4.932826995849609375e+00	-6.143914222717285156e+00	9.133358955383300781e+00	1.498333835601806641e+01
-6.562181472778320312e+00	1.197637394070625305e-01	4.327932596206665039e-01	-4.155053138732910156e+00	8.585183620452880859e-01	-4.440042018890380859e+00
2.601266503334045410e-01	6.980042457580566406e-01	9.301259994506835938e+00	3.066056489944458008e+00	3.188924312591552734e+00	7.927497386932373047e+00
-8.532710671424865723e-01	-3.111833572387695312e+00	-2.007989883422851562e+00	-4.222838878631591797e+00	2.257859945297241211e+00	8.423323035240173340e-01
1.246826267242431641e+01	5.019946098327636719e+00	8.482915878295898438e+00	-2.777917146682739258e+00	2.009801673889160156e+01	-7.124906182289123535e-01
-4.782636761665344238e-01	1.334995031356811523e-01	-1.173187494277954102e-01	2.192453384399414062e+00	-5.793744564056396484e+00	-3.012494087219238281e+00
-1.914334893226623535e-01	1.912244558334350586e-01	1.585953140258789062e+01	1.269788742065429688e+00	1.545102310180664062e+01	4.070177078247070312e+00
4.406124114990234375e+00	6.660476684570312500e+00	2.294083833694458008e-01	7.810211181640625000e+00	8.052847862243652344e+00	-5.651287078857421875e+00
1.315228700637817383e+00	2.254993438720703125e+00	5.737523078918457031e+00	3.987429141998291016e+00	4.145959854125976562e+00	9.940814971923828125e+00
-1.813990592956542969e+00	-3.442574739456176758e-01	-2.716409206390380859e+00	-1.618849635124206543e+00	7.314720153808593750e+00	9.868022918701171875e+00
1.424151134490966797e+01	-4.250056743621826172e+00	4.686486244201660156e+00	-1.684912800788879395e+00	8.955872058868408203e-01	7.401030063629150391e+00
1.248163032531738281e+01	2.397363662719726562e+00	4.534956216812133789e-01	-4.811661243438720703e+00	-6.599884033203125000e-01	-5.678542137145996094e+00
6.757540106773376465e-01	2.804394483566284180e+00	9.622545242309570312e-01	1.536514997482299805e+00	2.226248025894165039e+00	-5.880193710327148438e+00
-1.176111221313476562e+00	-3.856819868087768555e-01	-2.173895359039306641e+00	8.577018976211547852e-02	-4.167749404907226562e+00	3.183655142784118652e-01
3.776458501815795898e-01	-2.871318340301513672e+00	-3.456714630126953125e+00	-9.945864677429199219e+00	1.418161392211914062e+00	-1.038230419158935547e+00
-6.359726786613464355e-01	4.227756261825561523e-01	4.870821237564086914e-01	7.856791973114013672e+00	-2.907552719116210938e-01	-4.508586406707763672e+00
-2.905835628509521484e+00	-8.719940185546875000e+00	-3.850101947784423828e+00	-5.383029460906982422e+00	6.077310085296630859e+00	4.010305404663085938e+00
4.960400581359863281e+00	4.671819210052490234e+00	4.810339212417602539e-02	3.750840902328491211e+00	1.680790185928344727e+00	-4.186292290687561035e-01
1.723995685577392578e+00	-8.031369447708129883e-01	1.643830537796020508e-01	1.216903972625732422e+01	1.938082575798034668e+00	1.515134215354919434e+00
7.677057743072509766e+00	-1.511559367179870605e+00	1.145958900451660156e+01	3.466492176055908203e+00	1.728355169296264648e+00	4.393345832824707031e+00
-1.036210656166076660e-01	-7.238282203674316406e+00	-1.847899794578552246e+00	9.945510625839233398e-01	1.119487190246582031e+01	5.440805912017822266e+00
-2.452086925506591797e+00	-1.145324897766113281e+01	-9.879856109619140625e-01	-1.725968718528747559e+00	3.730554103851318359e+00	7.437176108360290527e-01
-5.600347042083740234e+00	-1.012431830167770386e-02	4.472159147262573242e-01	-2.528361320495605469e+00	2.755143165588378906e+00	-2.639958620071411133e+00
5.028772354125976562e+00	2.265809297561645508e+00	-9.937776327133178711e-01	2.156083583831787109e+00	2.097145652770996094e+01	-1.165204524993896484e+00
-5.942909240722656250e+00	-4.840032100677490234e+00	-6.711088657379150391e+00	-9.899203300476074219e+00	8.258360862731933594e+00	2.118157863616943359e+00
2.122314071655273438e+01	-1.614494919776916504e+00	6.036673784255981445e-01	-5.462413787841796875e+00	4.307466506958007812e+00	1.936525726318359375e+01
-2.733938932418823242e+00	-1.403232812881469727e-01	-1.662836194038391113e+00	1.673044264316558838e-01	-4.462261676788330078e+00	2.337679266929626465e-01
2.663232231140136719e+01	5.388368606567382812e+00	1.177421760559082031e+01	7.115270137786865234e+00	4.773516654968261719e+00	2.816019296646118164e+00
1.583694458007812500e+00	-8.953589200973510742e-01	3.610831499099731445e-01	1.389746570587158203e+01	1.142244815826416016e+00	5.780891776084899902e-01
4.037736892700195312e+00	4.628253459930419922e+00	2.476755380630493164e-01	2.363237440586090088e-01	1.346857547760009766e-01	-5.394545078277587891e+00
2.081038236618041992e+00	2.595908641815185547e-01	1.422253251075744629e+00	5.337060451507568359e+00	4.310795783996582031e+00	3.234855413436889648e+00
1.944068908691406250e+00	-3.920757174491882324e-01	1.170049476623535156e+01	-3.501488268375396729e-01	9.455101966857910156e+00	4.671228885650634766e+00
1.882636070251464844e+00	-4.236296415328979492e-01	-6.967443227767944336e-01	2.336038589477539062e+00	-8.038261413574218750e+00	-1.163166999816894531e+00
-1.054747962951660156e+01	-4.762090206146240234e+00	2.278736114501953125e+00	1.867317080497741699e+00	6.029425859451293945e-01	-9.603438973426818848e-01
-2.286619544029235840e-01	-4.454538822174072266e-01	1.645507454872131348e+00	-2.062465667724609375e+00	6.376092910766601562e+00	1.651505708694458008e+00
-7.579109072685241699e-01	1.143401935696601868e-01	-8.753303289413452148e-01	3.111225128173828125e+00	-1.132464504241943359e+01	-6.059302330017089844e+00
4.362817287445068359e+00	3.789535760879516602e+00	2.945568561553955078e+00	2.591468334197998047e+00	2.410292148590087891e+00	2.196139812469482422e+00
3.036843538284301758e+00	9.536739587783813477e-01	3.807650089263916016e+00	2.721609115600585938e+00	2.532472610473632812e+00	3.813151836395263672e+00
1.994219779968261719e+00	4.163108348846435547e+00	2.740443706512451172e+00	2.389116287231445312e+00	2.430601358413696289e+00	1.071709394454956055e+00
4.370571136474609375e+00	3.626210212707519531e+00	1.432604193687438965e+00	4.520061016082763672e+00	1.600975036621093750e+00	1.129699945449829102e+00
4.541280269622802734e+00	1.710856080055236816e+00	3.287038326263427734e+00	2.525903940200805664e+00	2.619617938995361328e+00	1.501100540161132812e+00
6.783985137939453125e+00	2.400403976440429688e+00	1.871126174926757812e+00	3.312747955322265625e+00	1.999945521354675293e+00	2.138753175735473633e+00
3.456540584564208984e+00	1.311506509780883789e+00	2.448177337646484375e+00	2.537275791168212891e+00	2.376960039138793945e+00	1.873430728912353516e+00
2.004478693008422852e+00	1.273744702339172363e+00	4.188478469848632812e+00	2.530700206756591797e+00	2.673895359039306641e+00	3.437496185302734375e+00
2.176875114440917969e+00	2.566678047180175781e+00	3.651084899902343750e+00	3.308746814727783203e+00	2.463436126708984375e+00	4.485269069671630859e+00
3.467676639556884766e-01	2.515172004699707031e+00	2.707132339477539062e+00	2.357491970062255859e+00	3.259224891662597656e+00	9.638568162918090820e-01
5.878755092620849609e+00	2.874870061874389648e+00	3.699776649475097656e+00	2.955152273178100586e+00	2.504224061965942383e+00	2.091224908828735352e+00
2.962511777877807617e+00	3.195377111434936523e+00	5.071105003356933594e+00	2.524668216705322266e+00	2.658334970474243164e+00	4.474334716796875000e+00
2.464302062988281250e+00	3.602161645889282227e+00	2.957742691040039062e+00	3.240694761276245117e+00	2.282372951507568359e+00	2.883629798889160156e+00
3.367598295211791992e+00	1.773753762245178223e+00	3.423201560974121094e+00	2.814049243927001953e+00	2.498130798339843750e+00	3.522820711135864258e+00
1.513896226882934570e+00	3.173693656921386719e+00	4.577179431915283203e+00	2.406293630599975586e+00	2.708685874938964844e+00	4.017216682434082031e+00
2.512783527374267578e+00	1.865181803703308105e+00	5.043658256530761719e+00	2.959244251251220703e+00	2.497163295745849609e+00	2.391882181167602539e+00
4.993502140045166016e+00	1.186562776565551758e+00	4.407340526580810547e+00	2.959798097610473633e+00	2.512466430664062500e+00	3.018418073654174805e+00
2.738670587539672852e+00	1.199282884597778320e+00	4.464770317077636719e+00	2.726706266403198242e+00	2.540423631668090820e+00	3.048392772674560547e+00
3.466009378433227539e+00	2.182538270950317383e+00	3.195235252380371094e+00	4.279366493225097656e+00	2.260224342346191406e+00	4.111095428466796875e+00
4.421083331108093262e-01	8.649128675460815430e-01	2.804534912109375000e+00	2.466254472732543945e+00	3.299976825714111328e+00	2.348693132400512695e+00
1.794771194458007812e+00	9.419096708297729492e-01	5.398499488830566406e+00	2.845197677612304688e+00	2.656569957733154297e+00	3.729579925537109375e+00
2.024595975875854492e+00	1.477784276008605957e+00	3.139506340026855469e+00	2.830184936523437500e+00	2.430648326873779297e+00	2.302925109863281250e+00
7.351159453392028809e-01	1.314799189567565918e+00	2.691461086273193359e+00	3.899855852127075195e+00	3.405468940734863281e+00	2.872263908386230469e+00
1.273981332778930664e+00	1.941617369651794434e+00	3.598133087158203125e+00	4.460279464721679688e+00	2.455843448638916016e+00	3.181304693222045898e+00
6.739246249198913574e-01	4.654000759124755859e+00	3.901885986328125000e+00	2.199366331100463867e+00	2.782618999481201172e+00	2.212164163589477539e+00
8.632935881614685059e-01	1.067431211471557617e+00	2.214200019836425781e+00	3.617522239685058594e+00	4.115765094757080078e+00	5.120844841003417969e+00
1.507115840911865234e+00	8.412851095199584961e-01	5.311204910278320312e+00	2.774457931518554688e+00	2.565693855285644531e+00	3.279276371002197266e+00
3.955849409103393555e+00	2.026772022247314453e+00	2.619034528732299805e+00	4.785375595092773438e+00	1.930556774139404297e+00	1.637631416320800781e+00
4.778936862945556641e+00	1.602697491645812988e+00	5.054342746734619141e+00	3.086228609085083008e+00	2.459193706512451172e+00	3.018638372421264648e+00
2.971106767654418945e+00	9.805551767349243164e-01	2.288044452667236328e+00	1.001846075057983398e+00	1.862244129180908203e+00	5.722606182098388672e-02
5.021287441253662109e+00	2.163179159164428711e+00	4.174108505249023438e+00	3.110048532485961914e+00	2.496356010437011719e+00	1.952550172805786133e+00
2.070218026638031006e-01	8.025531768798828125e-01	2.603447914123535156e+00	2.586928606033325195e+00	4.588727474212646484e+00	3.394141674041748047e+00
2.033773422241210938e+00	1.281704306602478027e+00	3.696568012237548828e+00	2.384572982788085938e+00	2.546297550201416016e+00	1.695414543151855469e+00
3.683768272399902344e+00	1.506890177726745605e+00	3.261208534240722656e+00	4.086161136627197266e+00	2.739554166793823242e+00	4.198183536529541016e+00
-5.096989870071411133e-02	1.904802680015563965e+00	2.967553138732910156e+00	2.842529535293579102e+00	6.031382560729980469e+00	3.455206155776977539e+00
2.457348585128784180e+00	1.511308431625366211e+00	3.210181713104248047e+00	3.074146509170532227e+00	2.417826175689697266e+00	3.043133258819580078e+00
3.355756282806396484e+00	3.124539613723754883e+00	3.014985561370849609e+00	2.485136270523071289e+00	2.523690462112426758e+00	1.962375640869140625e+00
4.993805885314941406e+00	1.920391917228698730e+00	3.828996181488037109e+00	2.858793973922729492e+00	2.532181739807128906e+00	2.675464630126953125e+00
3.003221035003662109e+00	1.400235295295715332e+00	4.094831943511962891e+00	5.353501796722412109e+00	3.265693426132202148e+00	3.635062694549560547e+00
1.153997898101806641e+00	2.151269674301147461e+00	3.549485683441162109e+00	4.335533618927001953e+00	2.473415374755859375e+00	2.846649885177612305e+00
6.861956715583801270e-01	2.276763677597045898e+00	3.129477977752685547e+00	3.362281322479248047e+00	2.626601934432983398e+00	1.467114210128784180e+00
1.615190267562866211e+00	1.527271866798400879e+00	3.003239631652832031e+00	2.313250780105590820e+00	2.554042100906372070e+00	1.711465120315551758e+00
1.011549472808837891e+00	4.120395660400390625e+00	4.509078979492187500e+00	2.293912887573242188e+00	3.470435380935668945e+00	3.075828552246093750e-01
4.729105472564697266e+00	2.113864660263061523e+00	5.111179828643798828e+00	2.707575798034667969e+00	2.498803853988647461e+00	3.599012851715087891e+00
4.278811454772949219e+00	3.840674161911010742e+00	5.560415744781494141e+00	3.155449628829956055e+00	2.624720573425292969e+00	7.531223297119140625e-01
4.191817641258239746e-01	3.369459152221679688e+00	3.710602760314941406e+00	2.587623834609985352e+00	2.931741714477539062e+00	3.361591577529907227e+00
4.305049419403076172e+00	2.808516502380371094e+00	1.650140047073364258e+00	4.919587612152099609e+00	1.710265040397644043e+00	9.181686639785766602e-01
6.304726004600524902e-01	1.800061345100402832e+00	1.630469918251037598e+00	4.863430976867675781e+00	4.621790885925292969e+00	1.513742566108703613e+00
2.330827713012695312e+00	1.642063021659851074e+00	3.372336864471435547e+00	2.487656831741333008e+00	2.561567068099975586e+00	2.248399257659912109e+00
3.746028661727905273e+00	3.576411962509155273e+00	3.748340129852294922e+00	2.752478361129760742e+00	2.653542280197143555e+00	7.840243577957153320e-01
3.811141014099121094e+00	4.970776557922363281e+00	2.332310676574707031e+00	3.445240974426269531e+00	2.018975973129272461e+00	2.201950073242187500e+00
6.095629334449768066e-01	4.542328357696533203e+00	3.081038475036621094e+00	2.151759862899780273e+00	2.810121059417724609e+00	5.699040889739990234e-01
6.407006263732910156e+00	3.183239936828613281e+00	1.026418685913085938e+00	3.134359598159790039e+00	1.655980706214904785e+00	1.019045591354370117e+00
2.899816036224365234e-01	2.079552888870239258e+00	3.262439727783203125e+00	4.366044998168945312e+00	6.660171508789062500e+00	5.226874828338623047e+00
5.682445526123046875e+00	1.159915685653686523e+00	1.756212353706359863e+00	3.049490690231323242e+00	2.263720512390136719e+00	3.476548910140991211e+00
3.999483108520507812e+00	1.536933422088623047e+00	2.051980972290039062e+00	3.385252714157104492e+00	2.014559745788574219e+00	1.909759759902954102e+00
1.999387264251708984e+00	3.660070180892944336e+00	3.233962059020996094e+00	4.563248634338378906e+00	2.240730762481689453e+00	2.729956865310668945e+00
4.390287876129150391e+00	1.731414675712585449e+00	3.782011032104492188e+00	2.755369663238525391e+00	2.532219648361206055e+00	3.017642259597778320e+00
6.566881179809570312e+00	1.781780958175659180e+00	4.323072910308837891e+00	2.888870954513549805e+00	2.765763282775878906e+00	1.602938175201416016e+00
1.636065006256103516e+00	2.902184009552001953e+00	3.206331253051757812e+00	3.778604030609130859e+00	2.350684165954589844e+00	2.404923200607299805e+00
1.167635440826416016e+00	1.317797780036926270e+00	2.915284633636474609e+00	2.910425901412963867e+00	2.606146812438964844e+00	1.977041244506835938e+00
3.505255460739135742e+00	3.433917045593261719e+00	4.381188869476318359e+00	2.823906421661376953e+00	2.551110506057739258e+00	4.794868946075439453e+00
2.579169750213623047e+00	1.667099118232727051e+00	3.704684734344482422e+00	2.597223520278930664e+00	2.574364662170410156e+00	2.700126171112060547e+00
2.617641925811767578e+00	1.271307468414306641e+00	2.861249923706054688e+00	2.477445125579833984e+00	2.459256410598754883e+00	2.006580829620361328e+00
4.795127391815185547e+00	3.998213768005371094e+00	3.465751171112060547e+00	2.554709196090698242e+00	2.451019287109375000e+00	2.088242769241333008e+00
1.697802066802978516e+00	1.301801085472106934e+00	3.543716430664062500e+00	3.609989166259765625e+00	2.453275680541992188e+00	3.034497737884521484e+00
4.116576313972473145e-01	6.043539643287658691e-01	2.073489665985107422e+00	2.543105185031890869e-01	3.752665042877197266e+00	1.076866686344146729e-01
2.231730461120605469e+00	1.247775316238403320e+00	3.884290218353271484e+00	4.990433692932128906e+00	3.446474075317382812e+00	3.377363681793212891e+00
1.846415042877197266e+00	4.559179782867431641e+00	2.511162996292114258e+00	3.424331665039062500e+00	2.238971233367919922e+00	7.992830872535705566e-01
3.031959772109985352e+00	9.350566864013671875e-01	4.905736446380615234e+00	2.894202232360839844e+00	2.514998674392700195e+00	3.236994266510009766e+00
1.373101949691772461e+00	1.693771004676818848e+00	2.993953704833984375e+00	2.617988109588623047e+00	2.551753997802734375e+00	1.672826766967773438e+00
4.951728820800781250e+00	2.993660449981689453e+00	4.141202449798583984e+00	2.698684453964233398e+00	2.477737903594970703e+00	2.779070377349853516e+00
5.282001495361328125e+00	4.570411205291748047e+00	2.830736160278320312e+00	2.846039772033691406e+00	2.216657161712646484e+00	2.545141220092773438e+00
4.581718921661376953e+00	5.941363573074340820e-01	3.540138244628906250e+00	2.582172870635986328e+00	2.376155853271484375e+00	4.178598880767822266e+00
3.721277952194213867e+00	2.102931976318359375e+00	3.726398944854736328e+00	2.584087848663330078e+00	2.545396566390991211e+00	2.921171903610229492e+00
1.119043588638305664e+00	7.413976192474365234e-01	3.982714176177978516e+00	2.602694749832153320e+00	2.987875938415527344e+00	4.305474281311035156e+00
3.694623231887817383e+00	1.764414906501770020e+00	1.845440149307250977e+00	3.091965675354003906e+00	1.803120136260986328e+00	1.003481626510620117e+00
1.915397644042968750e+00	1.546784996986389160e+00	3.659356117248535156e+00	2.533926486968994141e+00	2.572746515274047852e+00	2.536298513412475586e+00
1.026099622249603271e-01	2.271913051605224609e+00	3.022091865539550781e+00	2.588126659393310547e+00	4.490962028503417969e+00	2.213054180145263672e+00
3.142693042755126953e+00	4.385261982679367065e-02	2.249350070953369141e+00	5.047029256820678711e-01	1.349793195724487305e+00	3.199884295463562012e-01
4.476556777954101562e+00	1.350003600120544434e+00	2.656382083892822266e+00	3.417798042297363281e+00	2.192516565322875977e+00	3.110155105590820312e+00
1.804694175720214844e+00	3.081822872161865234e+00	4.056656360626220703e+00	2.325927257537841797e+00	2.617317199707031250e+00	3.099370479583740234e+00
5.419253826141357422e+00	3.890948295593261719e-01	1.716323375701904297e+00	2.317308425903320312e+00	2.268112659454345703e+00	3.703855991363525391e+00
1.078087234497070312e+01	1.542684268951416016e+01	6.970126342773437500e+01	1.411953582763671875e+02	6.161833190917968750e+01	8.127198028564453125e+01
4.917384338378906250e+01	1.590301871299743652e+00	6.028885650634765625e+01	1.116802120208740234e+01	1.042603015899658203e+01	4.945459842681884766e+00
8.408293151855468750e+01	2.274212951660156250e+02	7.492708587646484375e+01	3.760181045532226562e+01	1.044895172119140625e+00	2.090380249023437500e+02
4.822552795410156250e+02	6.526328277587890625e+01	1.294562530517578125e+02	3.806859207153320312e+01	4.512356185913085938e+01	1.745205841064453125e+02
2.820351791381835938e+01	7.727782726287841797e+00	9.006588745117187500e+01	1.995268630981445312e+01	-9.991416931152343750e-01	2.580614662170410156e+01
3.987581253051757812e+01	3.472921371459960938e+01	6.855062866210937500e+02	1.166672210693359375e+02	1.589825820922851562e+01	1.509037628173828125e+02
3.033343315124511719e+01	2.176128959655761719e+01	1.846345710754394531e+01	1.257607936859130859e+01	3.450492858886718750e+00	4.613292694091796875e+01
-1.317728996276855469e+00	1.357825946807861328e+01	3.017412185668945312e+00	1.442839145660400391e+01	6.784718322753906250e+01	1.782199096679687500e+01
1.263867378234863281e+00	1.435536346435546875e+02	7.969774246215820312e+00	6.484167480468750000e+01	4.455597229003906250e+02	1.115617446899414062e+02
1.628199005126953125e+01	3.403825378417968750e+02	-2.765635251998901367e-01	7.818325042724609375e+01	2.616746139526367188e+01	3.604809570312500000e+01
1.535714111328125000e+02	4.776911544799804688e+01	6.907626342773437500e+02	1.043943023681640625e+02	-6.885173797607421875e+00	7.175971984863281250e+01
2.624706649780273438e+01	6.737387084960937500e+01	1.590931510925292969e+01	1.965599212646484375e+02	2.164930419921875000e+02	1.981503295898437500e+01
1.335118579864501953e+01	3.436991882324218750e+02	5.095334625244140625e+01	3.581582031250000000e+02	2.740157699584960938e+01	5.564785003662109375e+01
2.764367103576660156e+00	5.128252029418945312e+01	9.170635986328125000e+01	3.186432266235351562e+01	9.135671997070312500e+01	6.256546020507812500e+01
2.213418579101562500e+01	3.345320434570312500e+02	-2.149967765808105469e+01	1.947763824462890625e+02	8.830520629882812500e+01	1.992047119140625000e+01
2.859963226318359375e+01	2.192680969238281250e+02	2.454568672180175781e+01	7.477693176269531250e+01	2.385113677978515625e+02	-6.827517986297607422e+00
3.434128189086914062e+01	6.843498229980468750e+01	1.601429901123046875e+02	1.688112068176269531e+01	4.926221847534179688e+01	1.430412769317626953e+00
1.125389785766601562e+02	7.685741424560546875e+01	5.363242721557617188e+01	1.344946479797363281e+01	1.655072784423828125e+01	4.409388065338134766e+00
-5.374014377593994141e-03	1.003409957885742188e+02	1.250754394531250000e+02	6.470780944824218750e+01	1.741510620117187500e+02	3.225180969238281250e+02
8.828785705566406250e+01	1.538132629394531250e+02	5.252968978881835938e+01	2.726185798645019531e+00	-1.738933563232421875e+00	4.115768432617187500e+01
7.202873992919921875e+01	2.330994606018066406e+01	1.729268836975097656e+01	-1.046692657470703125e+02	3.582971954345703125e+01	-4.449995803833007812e+01
5.957146644592285156e+00	2.058585205078125000e+02	3.821147537231445312e+01	6.164847946166992188e+01	1.027524566650390625e+02	4.004671859741210938e+01
2.045898056030273438e+01	6.627540588378906250e+00	6.411584854125976562e+00	1.431454372406005859e+01	1.325525856018066406e+01	1.013223342895507812e+02
1.254024276733398438e+02	4.634453201293945312e+01	1.209222717285156250e+02	2.451579132080078125e+02	3.768741989135742188e+01	1.003786926269531250e+02
2.402565307617187500e+02	4.138980484008789062e+01	2.755867195129394531e+01	4.644858093261718750e+02	9.499154663085937500e+01	4.580728912353515625e+01
9.521971893310546875e+01	2.042513465881347656e+01	6.326898574829101562e+00	1.243763542175292969e+01	1.705710983276367188e+01	2.002138519287109375e+01
6.713021087646484375e+01	7.554483642578125000e+02	4.013440322875976562e+01	5.181382751464843750e+01	1.127932891845703125e+02	2.032925415039062500e+01
1.081282711029052734e+01	1.804559020996093750e+02	1.279978866577148438e+02	4.139325332641601562e+01	4.901025772094726562e+01	2.971290588378906250e+02
3.660714149475097656e+00	1.783678054809570312e+01	2.093232116699218750e+02	2.313941955566406250e+01	1.648343658447265625e+02	2.630076789855957031e+01
3.699654579162597656e+00	2.439974365234375000e+02	4.520819473266601562e+01	3.776742172241210938e+01	9.795046997070312500e+01	2.175054931640625000e+01
2.018739700317382812e+01	1.842693901062011719e+01	1.515877075195312500e+02	4.902403831481933594e+00	1.232881622314453125e+02	1.752403640747070312e+01
6.070959091186523438e+00	2.411381340026855469e+01	5.531126022338867188e+00	5.288750648498535156e+00	1.889297485351562500e+00	1.345790004730224609e+01
8.681988525390625000e+01	3.641201400756835938e+01	1.926726341247558594e+01	-5.981018829345703125e+01	2.226189804077148438e+01	-7.138426971435546875e+01
1.028693389892578125e+02	8.319719314575195312e+00	2.370086479187011719e+01	1.157490253448486328e+01	1.851828002929687500e+01	1.987424774169921875e+02
1.705359039306640625e+02	1.743378601074218750e+02	6.565195083618164062e+00	3.859505653381347656e+00	3.867824554443359375e+00	1.242275238037109375e+01
4.910065612792968750e+02	7.118919372558593750e+01	6.796149444580078125e+01	5.598329162597656250e+01	5.944913864135742188e+01	2.291464042663574219e+01
7.190835571289062500e+01	9.196047210693359375e+01	4.706952285766601562e+01	1.198998870849609375e+02	-1.099711227416992188e+01	4.621158599853515625e+01
8.957165718078613281e+00	3.121347236633300781e+01	9.427207183837890625e+01	3.405438995361328125e+01	1.159880371093750000e+02	2.735298919677734375e+01
6.453933715820312500e+01	1.637756156921386719e+01	9.860003662109375000e+01	3.161986923217773438e+01	7.377967834472656250e-01	4.824094543457031250e+02
3.870828628540039062e+01	7.587039794921875000e+02	4.916749954223632812e+00	2.016465606689453125e+02	7.862623596191406250e+01	1.116104507446289062e+02
4.204718589782714844e+00	4.070477294921875000e+01	7.475392150878906250e+01	1.319984588623046875e+02	5.077486038208007812e+00	1.295770931243896484e+01
1.811385726928710938e+01	4.983704090118408203e+00	-2.842727661132812500e+00	2.978163242340087891e+00	4.419585037231445312e+01	-4.588912963867187500e+00
3.295447540283203125e+01	6.701481628417968750e+01	3.462810134887695312e+01	3.067626953125000000e+02	1.961402587890625000e+02	4.099499893188476562e+01
3.175421447753906250e+02	6.180736160278320312e+01	3.497554626464843750e+02	1.475686359405517578e+01	1.197782135009765625e+02	1.592583656311035156e+01
3.085873031616210938e+01	3.121591491699218750e+02	1.612201385498046875e+02	1.717383880615234375e+02	6.348286743164062500e+02	5.439453125000000000e+01
4.180197448730468750e+02	1.155957336425781250e+02	-8.611051559448242188e+00	5.078236770629882812e+01	1.031893463134765625e+02	1.234336776733398438e+02
1.621188049316406250e+02	1.237795791625976562e+02	4.845899963378906250e+01	4.356789779663085938e+01	-3.731632232666015625e+00	1.493504180908203125e+02
-2.345483016967773438e+01	2.219753837585449219e+01	-1.005186920166015625e+02	-2.041926956176757812e+01	3.290703125000000000e+02	6.212039184570312500e+02
9.249349212646484375e+01	2.689693450927734375e+01	-2.355023002624511719e+01	2.274380683898925781e+00	3.671922912597656250e+02	2.190190315246582031e+01
5.554942131042480469e+00	2.877099037170410156e+01	4.135548782348632812e+01	3.583025817871093750e+02	4.738088226318359375e+01	5.992675781250000000e+01
6.614157867431640625e+01	4.131226730346679688e+01	3.707309341430664062e+01	6.631838378906250000e+02	5.422896957397460938e+01	9.207808685302734375e+01
4.010429382324218750e+01	2.663837814331054688e+01	4.347443008422851562e+01	2.264716491699218750e+02	2.209612731933593750e+02	1.348506622314453125e+02
2.057687072753906250e+02	1.619808387756347656e+01	4.253356323242187500e+02	8.247660064697265625e+01	-1.705282211303710938e+01	1.318571929931640625e+02
2.031441307067871094e+01	5.855423450469970703e+00	4.622265625000000000e+01	1.166668853759765625e+02	8.051152038574218750e+01	9.575121307373046875e+01
4.188816223144531250e+02	2.556250915527343750e+02	4.207864379882812500e+02	7.325434112548828125e+01	-4.216423034667968750e-01	6.617964935302734375e+01
2.927293014526367188e+01	4.868170547485351562e+01	6.385623931884765625e+01	9.228728294372558594e+00	5.263072967529296875e+00	5.882694244384765625e+01
2.778582763671875000e+01	1.768671607971191406e+01	6.396315765380859375e+01	2.376941223144531250e+02	1.658642730712890625e+02	1.738380889892578125e+02
6.561818122863769531e+00	1.420810890197753906e+01	5.280042648315429688e+01	2.150475692749023438e+01	2.075617828369140625e+02	1.341532135009765625e+02
8.163251495361328125e+01	8.446953582763671875e+01	4.566523132324218750e+02	2.243556594848632812e+01	3.999459838867187500e+02	4.287951278686523438e+01
5.178294372558593750e+01	4.505517959594726562e+00	1.202776908874511719e+01	1.005684661865234375e+02	5.446029663085937500e+01	3.897270202636718750e+01
6.582465648651123047e+00	3.121119976043701172e+00	8.133580207824707031e+00	1.261333370208740234e+01	5.942347526550292969e+00	1.074087238311767578e+01
8.285595893859863281e+00	1.297939777374267578e+01	3.595883560180664062e+01	7.267628479003906250e+01	2.616170654296875000e+02	1.612394561767578125e+02
1.814308738708496094e+01	2.727363586425781250e+02	2.334148597717285156e+01	1.805641555786132812e+01	1.959568405151367188e+01	6.608822345733642578e+00
7.755907058715820312e+00	6.658596038818359375e+01	9.608886718750000000e+01	1.414376163482666016e+01	2.502281188964843750e+00	3.403534317016601562e+01
1.415489501953125000e+02	4.482959365844726562e+01	1.351177673339843750e+02	3.838146362304687500e+02	5.817273330688476562e+01	6.462502288818359375e+01
3.347435379028320312e+01	3.747860717773437500e+01	1.089876747131347656e+01	9.532563209533691406e+00	3.355407714843750000e-01	2.853388595581054688e+01
2.849406242370605469e+00	1.699144439697265625e+02	3.047759056091308594e+01	2.335315895080566406e+01	5.873532867431640625e+01	8.047744750976562500e+00
2.009245452880859375e+02	1.349797248840332031e+01	7.917148590087890625e+01	2.386025619506835938e+01	1.480893325805664062e+01	5.061385498046875000e+02
4.263457946777343750e+02	1.419912414550781250e+02	1.119073333740234375e+02	2.523414001464843750e+02	6.661120605468750000e+01	3.139713745117187500e+02
1.107029418945312500e+02	-1.367558860778808594e+01	7.326398468017578125e+01	1.057235336303710938e+01	9.628930091857910156e+00	2.414410400390625000e+01
6.500585937500000000e+01	1.652041778564453125e+02	3.307664871215820312e+00	1.360323810577392578e+01	-1.770950317382812500e+00	9.129404067993164062e+00
-7.489687204360961914e-02	1.707563591003417969e+01	4.124567260742187500e+02	6.036165237426757812e+01	4.628743362426757812e+01	6.473546600341796875e+01
2.543729782104492188e+01	1.228092117309570312e+02	1.016856079101562500e+02	1.568414306640625000e+02	4.461096496582031250e+02	3.270302429199218750e+02
5.939171791076660156e+00	3.677677631378173828e+00	2.180756988525390625e+02	2.234339141845703125e+01	4.243048477172851562e+01	2.738409805297851562e+01
-7.823153495788574219e+00	3.031966247558593750e+02	-6.099973678588867188e+00	1.097407531738281250e+02	1.170442871093750000e+03	3.171920471191406250e+02
1.955518188476562500e+02	4.811384677886962891e+00	1.295953979492187500e+02	1.849434280395507812e+01	4.131763076782226562e+01	1.346047019958496094e+01
5.020372009277343750e+02	1.001434402465820312e+02	7.824916076660156250e+01	7.442813110351562500e+01	1.039223175048828125e+02	3.383739929199218750e+02
9.537828063964843750e+01	9.783721923828125000e+00	8.697092056274414062e+00	1.010430049896240234e+01	8.291573524475097656e+00	3.433452129364013672e+00
1.516865444183349609e+01	5.820599746704101562e+01	7.538607597351074219e+00	3.148433685302734375e+01	-1.273242950439453125e+00	3.817630767822265625e+01
4.230124511718750000e+02	-8.294340133666992188e+00	7.914059448242187500e+01	-1.428015041351318359e+01	-3.277542114257812500e+00	-1.643430328369140625e+01
6.024476051330566406e+00	6.623150348663330078e+00	9.949269104003906250e+01	2.826080894470214844e+01	1.251991271972656250e+02	1.017059783935546875e+02
1.479533195495605469e+00	6.169148635864257812e+01	1.146372032165527344e+01	6.134851455688476562e+01	9.120877075195312500e+01	1.192404937744140625e+01
1.241491031646728516e+01	7.369817352294921875e+01	2.318821105957031250e+02	3.511067199707031250e+01	1.549155807495117188e+01	7.732052326202392578e+00
4.232266616821289062e+01	1.256146087646484375e+02	3.389755249023437500e+02	4.760532760620117188e+01	2.027739334106445312e+01	1.388468170166015625e+01
-2.128804588317871094e+01	-3.634627819061279297e+00	-2.106058692932128906e+01	-6.186648607254028320e-01	-1.844984626770019531e+01	-2.995265483856201172e+00
6.087676048278808594e+00	-5.564044475555419922e+00	3.235986709594726562e+00	-6.077227401733398438e+01	-4.196193695068359375e+01	-3.011808776855468750e+01
3.763241291046142578e+00	-2.938445854187011719e+01	-1.098252792358398438e+02	-1.823497772216796875e+01	-2.854579925537109375e+01	-2.995899200439453125e+01
-1.945663452148437500e+00	-4.132146453857421875e+01	-1.283781528472900391e+01	5.079177618026733398e-01	-1.084071445465087891e+01	-1.427549171447753906e+01
-1.317470645904541016e+01	-6.910516262054443359e+00	-1.523630332946777344e+01	-7.892497062683105469e+00	-1.159200592041015625e+02	-3.117011642456054688e+01
-1.625000476837158203e+00	-1.311398220062255859e+01	-8.905386924743652344e+00	-1.249528646469116211e+00	-8.875432014465332031e-01	-4.962775230407714844e+00
3.889328002929687500e+00	-7.073796749114990234e+00	-6.996276855468750000e+00	1.530246019363403320e+00	-3.668386459350585938e+00	-4.438412189483642578e+00
-7.757896423339843750e+00	-3.764044284820556641e+00	-1.959437251091003418e+00	-1.883762359619140625e+01	3.560282230377197266e+00	-9.586263298988342285e-01
-1.082091674804687500e+02	-8.742406845092773438e+00	-7.550659179687500000e+00	-5.027612686157226562e+01	-1.816213798522949219e+01	-1.559939980506896973e-01
-5.442046165466308594e+00	-8.633413314819335938e+00	-2.697211647033691406e+01	-1.485841083526611328e+01	-1.513165588378906250e+02	-3.263044738769531250e+01
-1.690534210205078125e+01	-6.052905559539794922e+00	-7.735844612121582031e+00	-1.721081352233886719e+01	-2.397820472717285156e+00	-5.150584030151367188e+01
-2.610737609863281250e+01	-9.207479476928710938e+00	-5.617155075073242188e+00	-5.955736160278320312e+01	-8.443096160888671875e+00	-3.816658020019531250e+01
-1.588670492172241211e+00	-2.387530136108398438e+01	-7.340803146362304688e+00	2.618574202060699463e-01	-3.893483161926269531e+00	-7.051010131835937500e+00
-1.210949325561523438e+01	-3.235049438476562500e+01	6.666532516479492188e+00	-9.244606781005859375e+01	3.402267456054687500e+00	-2.403115463256835938e+01
-2.830083084106445312e+01	-5.650912761688232422e+00	-9.922925949096679688e+00	-5.581282806396484375e+01	-3.110620498657226562e+00	-5.044669628143310547e+00
-3.111310577392578125e+01	-2.108378887176513672e+00	-2.421080398559570312e+01	-1.814716458320617676e+00	-2.176208877563476562e+01	-3.958488106727600098e-01
-1.158110523223876953e+01	-2.277320384979248047e+00	-7.538330078125000000e+00	-2.755598449707031250e+01	-6.332673072814941406e+00	-2.732913494110107422e+00
-8.790395736694335938e+00	-2.505074977874755859e+00	1.730624437332153320e-01	-1.922993469238281250e+01	3.430852890014648438e-01	-1.716630935668945312e+00
-5.779447555541992188e+00	-3.067063522338867188e+01	-4.584569931030273438e+01	-2.840462112426757812e+01	5.408971786499023438e+00	-3.078671932220458984e+00
-1.628021955490112305e+00	-5.983246326446533203e+00	-3.601163101196289062e+01	-1.359774112701416016e+01	-9.801483154296875000e-01	-2.506589412689208984e+00
-3.381929397583007812e+01	-9.946733474731445312e+00	-4.041536331176757812e+00	-6.195801925659179688e+01	3.148084640502929688e+00	-2.049594402313232422e+00
-1.029981517791748047e+01	-1.116697692871093750e+01	-1.800175547599792480e+00	5.486106872558593750e-01	1.026607275009155273e+00	-6.839376091957092285e-01
7.979051589965820312e+00	-1.872304344177246094e+01	-1.551266098022460938e+01	1.037895083427429199e+00	-1.811472511291503906e+01	-1.286641597747802734e+01
9.101028442382812500e+00	-3.711776733398437500e+01	-5.301588058471679688e+01	-1.351451039314270020e+00	-2.326562118530273438e+01	-2.761709213256835938e+01
-1.199132061004638672e+01	-1.758208870887756348e+00	-8.602683067321777344e+00	9.416092634201049805e-01	-1.720963001251220703e+00	7.696842551231384277e-01
-3.426609420776367188e+01	-5.396471023559570312e+01	4.523561477661132812e+00	-1.746208648681640625e+02	1.528996276855468750e+01	-2.415939712524414062e+01
-3.090766143798828125e+01	-1.121499657630920410e+00	-2.750038146972656250e+00	-2.750209999084472656e+01	-3.367605209350585938e+00	-2.355769538879394531e+01
-6.343328475952148438e+00	-4.052969360351562500e+01	-4.215048551559448242e-01	2.279596626758575439e-01	-3.088652992248535156e+01	-1.572654151916503906e+01
-2.177413558959960938e+01	-4.438010692596435547e+00	-1.506018519401550293e+00	-3.645367050170898438e+01	-7.665815353393554688e-01	-1.902419567108154297e+00
-3.406796264648437500e+01	-1.011745262145996094e+01	-4.844633102416992188e+00	-5.562909126281738281e+00	-4.464633941650390625e+01	-1.008756256103515625e+01
-3.903487014770507812e+01	-3.037028789520263672e+00	-4.962793350219726562e+00	-2.762005805969238281e+00	-1.259530782699584961e+00	1.681992053985595703e+00
3.916059136390686035e-01	-2.333272457122802734e+00	-2.184465408325195312e+01	-7.786259651184082031e+00	-1.657143592834472656e+00	-1.961014270782470703e+00
-1.842753219604492188e+01	-9.483181238174438477e-01	-2.572144031524658203e+00	-5.726997375488281250e+00	-1.966078281402587891e+00	4.447903037071228027e-01
-4.226248741149902344e+00	-3.620838928222656250e+01	-7.075981903076171875e+01	-3.101321983337402344e+01	-7.475070953369140625e-01	-1.071070480346679688e+01
1.131962776184082031e+00	-6.969963550567626953e+00	-6.171104812622070312e+01	-1.897841072082519531e+01	-9.819325447082519531e+00	-7.555385112762451172e+00
-1.265375423431396484e+01	-4.323777675628662109e+00	-1.478507876396179199e+00	-1.646781730651855469e+01	-1.677770805358886719e+01	-4.069217681884765625e+01
-1.279206848144531250e+01	-2.250801324844360352e-01	-3.923336982727050781e+00	1.137683033943176270e+00	-4.102609634399414062e+01	-2.379077148437500000e+01
-4.927675247192382812e+01	-2.808038234710693359e+00	-5.280730247497558594e+00	-2.810274314880371094e+01	-1.899127769470214844e+01	-3.876201152801513672e+00
-1.033432102203369141e+01	-1.264038085937500000e+02	5.772195816040039062e+00	-2.082384490966796875e+02	1.541886901855468750e+01	-3.264614105224609375e+01
-1.132099151611328125e+00	-3.395214462280273438e+01	-7.817361831665039062e+00	3.399968743324279785e-01	-3.272838592529296875e+01	-1.800930023193359375e+01
-1.723589897155761719e+00	4.302819967269897461e-01	-4.645301103591918945e-01	4.182270050048828125e+00	-1.073535442352294922e+00	-6.820975780487060547e+00
-2.748596000671386719e+01	-1.600659966468811035e+00	-4.583514213562011719e+00	-7.080365419387817383e-01	-3.215339660644531250e+01	-7.632588958740234375e+01
-4.576502609252929688e+01	-5.414975643157958984e+00	-5.407866287231445312e+01	-1.016762828826904297e+01	-7.979656982421875000e+01	-8.548446655273437500e+00
-2.809421348571777344e+01	-8.971311569213867188e+00	8.939182758331298828e-02	-8.291949462890625000e+01	-2.897778892517089844e+01	-3.398374938964843750e+01
-1.165212554931640625e+02	-7.584867000579833984e+00	-1.566094207763671875e+01	-9.498835563659667969e+00	-2.636844635009765625e+01	-1.574167633056640625e+01
4.521715164184570312e+00	-1.843642807006835938e+01	-4.178803253173828125e+01	-1.566173076629638672e+01	-8.890395164489746094e+00	-1.206934547424316406e+01
1.048508405685424805e+00	-1.361574649810791016e+01	-1.557203173637390137e+00	3.006550550460815430e+00	-3.146134614944458008e+00	-4.043839931488037109e+00
-6.655103302001953125e+01	-8.563424682617187500e+01	-1.539254570007324219e+01	-6.697587013244628906e+00	-1.454075908660888672e+01	-1.416684341430664062e+01
-4.076099014282226562e+01	1.460382819175720215e+00	-1.007800388336181641e+01	-1.209296131134033203e+01	2.335157394409179688e-01	-5.442964553833007812e+01
-3.734354782104492188e+01	5.637763738632202148e-01	-2.207053565979003906e+01	3.431164264678955078e+00	-3.809888839721679688e+00	-1.581405181884765625e+02
-5.260665416717529297e+00	-3.091007471084594727e-01	-1.569016098976135254e+00	2.320213079452514648e+00	2.170360088348388672e-01	-2.495988655090332031e+01
-3.176085281372070312e+01	-3.669747161865234375e+01	-4.715408706665039062e+01	-1.051981163024902344e+01	-7.344927978515625000e+01	-2.762031555175781250e+01
9.246475100517272949e-01	-9.398282051086425781e+00	-2.183292388916015625e+00	2.271786212921142578e+00	-5.487167358398437500e+00	-4.061870574951171875e+00
-1.226259231567382812e+00	-1.863835930824279785e+00	-4.955915451049804688e+01	-6.454846954345703125e+01	-8.975704956054687500e+01	-1.937585449218750000e+01
-5.316527175903320312e+01	-5.713922023773193359e+00	-1.771499824523925781e+01	1.628962159156799316e-02	-2.191641807556152344e+01	1.090862751007080078e+00
-3.288073301315307617e+00	2.259613513946533203e+00	-5.471486568450927734e+00	-1.225939393043518066e+00	2.131767272949218750e+00	-5.272748947143554688e+01
-2.304394149780273438e+01	-3.653749847412109375e+01	1.796678662300109863e+00	-2.118494033813476562e+00	-2.242661094665527344e+01	-1.062721824645996094e+01
-2.698754501342773438e+01	-5.371495723724365234e+00	-2.267106056213378906e+01	-1.946333885192871094e+01	-7.134043884277343750e+01	-5.424495220184326172e+00
-6.357423782348632812e+01	-3.388169765472412109e+00	-5.640460014343261719e+00	-4.897805213928222656e+00	1.055520534515380859e+00	-1.104057312011718750e+01
-1.114073276519775391e+00	-2.420274019241333008e+00	-9.644466638565063477e-01	1.360430836677551270e+00	-3.760450839996337891e+00	-9.108005166053771973e-01
-8.230794072151184082e-01	2.576032876968383789e-01	8.928524255752563477e-01	9.988175630569458008e-01	9.152297973632812500e-01	-7.032145500183105469e+00
-5.850778198242187500e+01	-4.127118587493896484e+00	1.133252716064453125e+01	-7.934899902343750000e+01	-1.082436180114746094e+01	-1.072218322753906250e+01
4.947256445884704590e-01	-8.978925943374633789e-01	-8.561389923095703125e+00	-3.956767082214355469e+00	-2.931798362731933594e+01	-3.915723323822021484e+00
-1.061354446411132812e+01	-3.216424465179443359e+00	-8.962756156921386719e+00	1.998533308506011963e-01	-2.022793579101562500e+01	-9.318834686279296875e+01
-2.608906555175781250e+01	-1.839056611061096191e+00	-3.473149299621582031e+00	-2.452063083648681641e+00	-1.647513866424560547e+00	1.278752803802490234e+00
-5.072415828704833984e+00	-4.059414386749267578e+00	-2.881039381027221680e-01	-2.303017044067382812e+01	2.608518123626708984e+00	-2.928390979766845703e+00
-9.683876037597656250e+00	-3.693425655364990234e+00	-5.076887893676757812e+01	-6.121254920959472656e+00	-1.207544422149658203e+01	-6.056384563446044922e+00
2.126517295837402344e+01	-7.967964172363281250e+01	-9.893705749511718750e+01	-3.943566131591796875e+01	-2.715142059326171875e+01	-4.492163848876953125e+01
-5.957851886749267578e+00	-4.254087448120117188e+01	-1.687207984924316406e+01	-3.472054004669189453e+00	-1.757115745544433594e+01	-1.662405204772949219e+01
-3.760305023193359375e+01	-4.978835582733154297e+00	-1.838540458679199219e+01	-6.626029491424560547e+00	-3.857892990112304688e+00	2.190750598907470703e+00
-9.106110572814941406e+00	-1.032063102722167969e+01	-1.224413871765136719e+01	-8.717139244079589844e+00	-1.014961700439453125e+02	-2.059298324584960938e+01
-3.166135025024414062e+01	-3.708280086517333984e+00	3.297539949417114258e-01	-3.825376892089843750e+01	-1.586137008666992188e+01	-2.938147354125976562e+01
-6.728065490722656250e+01	-4.309605407714843750e+01	2.429069519042968750e+00	-5.392960548400878906e+00	-2.981471061706542969e+01	-9.470081329345703125e+00
-2.222283363342285156e+01	-5.601680278778076172e+00	-5.557518005371093750e+00	-4.795480728149414062e+01	-1.059486389160156250e+00	-4.348363399505615234e+00
-2.693341064453125000e+02	-4.538582229614257812e+01	-2.105046653747558594e+01	-2.697630822658538818e-01	-1.110625839233398438e+01	-8.071708679199218750e+00
-8.560984611511230469e+00	-1.387188911437988281e+01	-1.060929412841796875e+02	-4.600712585449218750e+01	-9.879180908203125000e+00	-1.334238052368164062e+01
-4.483812332153320312e+00	-5.567987060546875000e+01	-2.168813896179199219e+01	-3.491493225097656250e+00	-1.020601654052734375e+01	-1.798534393310546875e+01
-7.059504985809326172e+00	-7.678791284561157227e-01	3.425933122634887695e-01	-1.602052807807922363e+00	-1.216022205352783203e+01	-1.941670417785644531e+01
-5.933426380157470703e+00	-1.378353118896484375e+01	-9.054759979248046875e+01	-1.692963409423828125e+01	-9.796178817749023438e+00	-1.257553863525390625e+01
1.451913714408874512e-01	-1.587724328041076660e+00	-7.138568401336669922e+00	-3.312066316604614258e+00	-3.187813949584960938e+01	-4.775807857513427734e+00
-1.466997623443603516e+01	-3.154665231704711914e-01	-3.436869621276855469e+00	9.936392307281494141e-04	-7.872925758361816406e+00	-3.386143207550048828e+00
-2.443494033813476562e+01	-3.440633296966552734e+00	-1.736388969421386719e+01	-9.074790954589843750e+00	-5.801563644409179688e+01	-7.184871196746826172e+00
-1.026720714569091797e+01	-9.274202346801757812e+00	-6.495353698730468750e+00	-3.838801956176757812e+01	-7.721394348144531250e+01	-2.809341430664062500e+01
