1.644989585876464844e+01	1.024440956115722656e+01	1.123588371276855469e+01	1.157318305969238281e+01	1.084945964813232422e+01	1.114851951599121094e+01
1.752622985839843750e+01	1.087935733795166016e+01	1.159611701965332031e+01	1.262764358520507812e+01	1.098402309417724609e+01	1.161495113372802734e+01
1.666165161132812500e+01	1.194215965270996094e+01	1.139768218994140625e+01	1.267127609252929688e+01	1.021568965911865234e+01	1.139540004730224609e+01
1.622719001770019531e+01	1.111148834228515625e+01	1.125000286102294922e+01	1.197228622436523438e+01	1.023121261596679688e+01	1.064711475372314453e+01
1.694243240356445312e+01	1.107321166992187500e+01	1.091212463378906250e+01	1.243074893951416016e+01	1.087539005279541016e+01	1.060155773162841797e+01
1.697472953796386719e+01	1.129815006256103516e+01	1.118771457672119141e+01	1.301991176605224609e+01	1.057028579711914062e+01	1.133233928680419922e+01
1.751110267639160156e+01	1.127409553527832031e+01	1.227998828887939453e+01	1.292358016967773438e+01	1.155974388122558594e+01	1.157169246673583984e+01
1.639635658264160156e+01	1.080472564697265625e+01	1.126618385314941406e+01	1.268899345397949219e+01	1.035957145690917969e+01	1.209684085845947266e+01
1.725637817382812500e+01	1.109878635406494141e+01	1.210684585571289062e+01	1.238794517517089844e+01	1.045176506042480469e+01	1.102501487731933594e+01
1.727328300476074219e+01	1.094432926177978516e+01	1.124895477294921875e+01	1.157546806335449219e+01	1.014209079742431641e+01	1.093045330047607422e+01
1.735238838195800781e+01	1.162233543395996094e+01	1.132195663452148438e+01	1.272383689880371094e+01	1.123682785034179688e+01	1.176809215545654297e+01
1.717404747009277344e+01	1.110102081298828125e+01	1.202268886566162109e+01	1.280532932281494141e+01	1.104578971862792969e+01	1.174191761016845703e+01
1.624105262756347656e+01	1.077731037139892578e+01	1.082433795928955078e+01	1.290347003936767578e+01	9.945233345031738281e+00	1.100144767761230469e+01
1.666516304016113281e+01	1.022355937957763672e+01	1.088079261779785156e+01	1.303639984130859375e+01	1.072163581848144531e+01	1.043314456939697266e+01
1.716743850708007812e+01	1.092705821990966797e+01	1.200374698638916016e+01	1.278973388671875000e+01	1.039164829254150391e+01	1.174190711975097656e+01
1.660617637634277344e+01	1.104085826873779297e+01	1.127755546569824219e+01	1.334536647796630859e+01	1.012510681152343750e+01	1.140432834625244141e+01
1.710839843750000000e+01	1.076472568511962891e+01	1.156330585479736328e+01	1.248943901062011719e+01	1.022450828552246094e+01	1.114932155609130859e+01
1.703549957275390625e+01	1.038439750671386719e+01	1.130732154846191406e+01	1.177354049682617188e+01	1.064421844482421875e+01	1.132418155670166016e+01
1.626203918457031250e+01	1.061578369140625000e+01	1.121185588836669922e+01	1.302456855773925781e+01	1.046005439758300781e+01	1.106760406494140625e+01
1.606485366821289062e+01	1.024492263793945312e+01	1.002673435211181641e+01	1.270250797271728516e+01	1.079492568969726562e+01	1.072399616241455078e+01
1.683717155456542969e+01	1.074651050567626953e+01	1.130981731414794922e+01	1.284619235992431641e+01	1.059291458129882812e+01	1.043473720550537109e+01
1.639454841613769531e+01	1.053530788421630859e+01	1.060915470123291016e+01	1.253902816772460938e+01	1.014151573181152344e+01	1.098222541809082031e+01
1.753649330139160156e+01	1.098648357391357422e+01	1.206107616424560547e+01	1.267252540588378906e+01	1.104258728027343750e+01	1.086590766906738281e+01
1.685996055603027344e+01	1.160063934326171875e+01	1.149318027496337891e+01	1.306841468811035156e+01	1.155061435699462891e+01	1.129007530212402344e+01
1.680906295776367188e+01	1.123641777038574219e+01	1.114772224426269531e+01	1.301672172546386719e+01	1.098385810852050781e+01	1.080951881408691406e+01
1.630393791198730469e+01	1.119115829467773438e+01	1.101397418975830078e+01	1.234594535827636719e+01	1.056296825408935547e+01	1.120214843750000000e+01
1.779157447814941406e+01	1.106307792663574219e+01	1.175986957550048828e+01	1.309605884552001953e+01	1.079462051391601562e+01	1.200419139862060547e+01
1.694933891296386719e+01	1.115392589569091797e+01	1.097476196289062500e+01	1.232789802551269531e+01	1.004090499877929688e+01	1.148241806030273438e+01
1.698766899108886719e+01	1.062890338897705078e+01	1.119932079315185547e+01	1.289905261993408203e+01	1.124649810791015625e+01	1.150800323486328125e+01
1.738068199157714844e+01	1.114059162139892578e+01	1.152490901947021484e+01	1.201508712768554688e+01	1.114925765991210938e+01	1.134599208831787109e+01
1.687364959716796875e+01	1.086093997955322266e+01	1.118978309631347656e+01	1.263733768463134766e+01	1.078857135772705078e+01	1.203250503540039062e+01
1.686470794677734375e+01	1.115897750854492188e+01	1.157920265197753906e+01	1.190187740325927734e+01	1.072126007080078125e+01	1.094472694396972656e+01
1.696192932128906250e+01	1.207406330108642578e+01	1.177945327758789062e+01	1.301970386505126953e+01	1.083882713317871094e+01	1.190665531158447266e+01
1.622344207763671875e+01	1.106140995025634766e+01	1.063312530517578125e+01	1.222305202484130859e+01	1.041668510437011719e+01	1.129392719268798828e+01
1.656749916076660156e+01	1.009717369079589844e+01	1.097657871246337891e+01	1.268560695648193359e+01	1.057299137115478516e+01	1.108352088928222656e+01
1.590099906921386719e+01	1.022537994384765625e+01	1.067945194244384766e+01	1.224430656433105469e+01	1.048187446594238281e+01	1.072230243682861328e+01
1.652539443969726562e+01	1.073509407043457031e+01	1.107694530487060547e+01	1.216485786437988281e+01	1.108534622192382812e+01	1.033996295928955078e+01
1.627404975891113281e+01	1.033158493041992188e+01	1.064782142639160156e+01	1.284340286254882812e+01	1.073457145690917969e+01	1.031430339813232422e+01
1.728555679321289062e+01	1.148867130279541016e+01	1.144112396240234375e+01	1.285016918182373047e+01	1.134809780120849609e+01	1.140058994293212891e+01
1.731436347961425781e+01	1.145133113861083984e+01	1.135809040069580078e+01	1.237799930572509766e+01	1.051362133026123047e+01	1.172240352630615234e+01
1.566566276550292969e+01	1.031755352020263672e+01	1.082794189453125000e+01	1.230684757232666016e+01	1.103966140747070312e+01	1.032377624511718750e+01
1.643642997741699219e+01	9.841707229614257812e+00	1.100901603698730469e+01	1.247399139404296875e+01	1.084290504455566406e+01	1.042378616333007812e+01
1.653704261779785156e+01	1.067783260345458984e+01	1.036557960510253906e+01	1.280597305297851562e+01	1.059577941894531250e+01	1.106826972961425781e+01
1.724779510498046875e+01	1.150799846649169922e+01	1.216847419738769531e+01	1.295384025573730469e+01	1.089212417602539062e+01	1.188220691680908203e+01
1.663060188293457031e+01	1.004326343536376953e+01	1.176333618164062500e+01	1.255389595031738281e+01	1.048732376098632812e+01	1.152867698669433594e+01
1.696701431274414062e+01	1.068697643280029297e+01	1.218307781219482422e+01	1.212654018402099609e+01	1.038319969177246094e+01	1.114156627655029297e+01
1.635137176513671875e+01	1.028551769256591797e+01	1.064526367187500000e+01	1.288889598846435547e+01	1.072098350524902344e+01	1.032108116149902344e+01
1.690572929382324219e+01	1.107681846618652344e+01	1.190813636779785156e+01	1.203991413116455078e+01	1.126601600646972656e+01	1.112000465393066406e+01
1.748660278320312500e+01	1.184397506713867188e+01	1.191105651855468750e+01	1.346828651428222656e+01	1.121714019775390625e+01	1.195334148406982422e+01
1.714904403686523438e+01	1.018940544128417969e+01	1.107032203674316406e+01	1.200815963745117188e+01	1.122615814208984375e+01	1.082108974456787109e+01
1.711810111999511719e+01	1.119662475585937500e+01	1.138810920715332031e+01	1.203236103057861328e+01	1.099870586395263672e+01	1.078881359100341797e+01
1.674495697021484375e+01	9.814601898193359375e+00	1.132147121429443359e+01	1.247209358215332031e+01	1.047781944274902344e+01	1.106289100646972656e+01
1.696599578857421875e+01	1.028732967376708984e+01	1.124879169464111328e+01	1.206164741516113281e+01	1.056662464141845703e+01	1.136894226074218750e+01
1.659183883666992188e+01	1.031223201751708984e+01	1.058824062347412109e+01	1.245221328735351562e+01	1.016597557067871094e+01	1.091248416900634766e+01
1.695360183715820312e+01	1.089873790740966797e+01	1.121662616729736328e+01	1.248343276977539062e+01	1.099047183990478516e+01	1.153219890594482422e+01
1.679543495178222656e+01	1.028753662109375000e+01	1.102096843719482422e+01	1.180098056793212891e+01	1.076843166351318359e+01	1.089104175567626953e+01
1.618791580200195312e+01	1.090846729278564453e+01	1.138191413879394531e+01	1.310617256164550781e+01	1.099911117553710938e+01	1.134021186828613281e+01
1.624716758728027344e+01	9.977215766906738281e+00	1.082921218872070312e+01	1.238171005249023438e+01	1.018921661376953125e+01	1.033656597137451172e+01
1.591591167449951172e+01	1.045421314239501953e+01	1.049511241912841797e+01	1.222597599029541016e+01	1.044839572906494141e+01	1.126062870025634766e+01
1.709487533569335938e+01	1.150553512573242188e+01	1.100660133361816406e+01	1.307788658142089844e+01	1.115693759918212891e+01	1.193142318725585938e+01
1.702055740356445312e+01	1.199865055084228516e+01	1.139695739746093750e+01	1.321186065673828125e+01	1.018155574798583984e+01	1.107027721405029297e+01
1.681320190429687500e+01	1.091252040863037109e+01	1.135015392303466797e+01	1.299395561218261719e+01	1.081887626647949219e+01	1.139216804504394531e+01
1.700594329833984375e+01	1.074562358856201172e+01	1.097487258911132812e+01	1.218417072296142578e+01	1.099140834808349609e+01	1.108458805084228516e+01
1.748601150512695312e+01	1.067359733581542969e+01	1.230697917938232422e+01	1.275419616699218750e+01	1.124267101287841797e+01	1.106400299072265625e+01
1.634009933471679688e+01	1.073172760009765625e+01	1.070404624938964844e+01	1.177562046051025391e+01	1.057244682312011719e+01	1.020309925079345703e+01
1.796903228759765625e+01	1.174571228027343750e+01	1.202281188964843750e+01	1.329634189605712891e+01	1.081457996368408203e+01	1.212646198272705078e+01
1.709913253784179688e+01	1.124118041992187500e+01	1.156899070739746094e+01	1.246986675262451172e+01	1.079200363159179688e+01	1.105575466156005859e+01
1.691103744506835938e+01	1.120111370086669922e+01	1.116881847381591797e+01	1.245486640930175781e+01	1.072833442687988281e+01	1.214802742004394531e+01
1.669289588928222656e+01	1.144649124145507812e+01	1.113930130004882812e+01	1.339848232269287109e+01	1.114135742187500000e+01	1.126276111602783203e+01
1.679387664794921875e+01	1.085340023040771484e+01	1.153944778442382812e+01	1.206156826019287109e+01	1.019342517852783203e+01	1.173043060302734375e+01
1.687940406799316406e+01	1.048857307434082031e+01	1.170574569702148438e+01	1.284957504272460938e+01	1.014824295043945312e+01	1.188490009307861328e+01
1.611642074584960938e+01	1.032137775421142578e+01	1.013511466979980469e+01	1.216761112213134766e+01	1.051173686981201172e+01	1.030059337615966797e+01
1.631374359130859375e+01	1.092860412597656250e+01	1.131988525390625000e+01	1.290876293182373047e+01	1.074941825866699219e+01	1.094542789459228516e+01
1.678438758850097656e+01	1.059224128723144531e+01	1.091552257537841797e+01	1.220985794067382812e+01	1.057961082458496094e+01	1.047202110290527344e+01
1.753256607055664062e+01	1.120320320129394531e+01	1.199938869476318359e+01	1.265925788879394531e+01	1.107157325744628906e+01	1.093320655822753906e+01
1.650110816955566406e+01	1.075243568420410156e+01	1.090966510772705078e+01	1.282697963714599609e+01	1.104935455322265625e+01	1.180243110656738281e+01
1.705469512939453125e+01	1.087542629241943359e+01	1.185300350189208984e+01	1.228778553009033203e+01	1.037188148498535156e+01	1.058477687835693359e+01
1.633108901977539062e+01	1.022354412078857422e+01	1.094369506835937500e+01	1.272962093353271484e+01	9.955444335937500000e+00	1.021597480773925781e+01
1.694089889526367188e+01	1.152629852294921875e+01	1.136757946014404297e+01	1.335430622100830078e+01	1.096541976928710938e+01	1.163271236419677734e+01
1.693737030029296875e+01	1.061489677429199219e+01	1.155134677886962891e+01	1.205618667602539062e+01	1.118741130828857422e+01	1.094052219390869141e+01
1.721357917785644531e+01	1.029795646667480469e+01	1.092120265960693359e+01	1.229226875305175781e+01	1.116851329803466797e+01	1.142790031433105469e+01
1.716164970397949219e+01	1.006280231475830078e+01	1.102993774414062500e+01	1.284347152709960938e+01	1.058516502380371094e+01	1.090566062927246094e+01
1.672531700134277344e+01	1.093391704559326172e+01	1.133603858947753906e+01	1.243508338928222656e+01	1.098327255249023438e+01	1.151705932617187500e+01
1.572426223754882812e+01	1.484151458740234375e+01	1.072771930694580078e+01	7.777932167053222656e+00	1.021822929382324219e+00	1.123418617248535156e+01
2.339050674438476562e+01	2.744972038269042969e+01	2.061736297607421875e+01	1.713987731933593750e+01	1.341810226440429688e+01	2.404122924804687500e+01
1.717992782592773438e+01	9.518778800964355469e+00	8.760575294494628906e+00	1.888825988769531250e+01	1.635012817382812500e+01	9.806195259094238281e+00
2.283394050598144531e+01	1.644191741943359375e+01	1.427183341979980469e+01	1.025425052642822266e+01	1.232644939422607422e+01	1.622568321228027344e+01
2.268764114379882812e+01	1.497744941711425781e+01	1.480980491638183594e+01	2.122750473022460938e+01	7.029702186584472656e+00	1.796070480346679688e+01
2.329449272155761719e+01	2.116048431396484375e+01	1.173216819763183594e+01	2.018940162658691406e+01	1.732429122924804688e+01	1.364486122131347656e+01
2.434713172912597656e+01	1.945830154418945312e+01	2.656464385986328125e+01	1.198386573791503906e+01	6.832382202148437500e+00	1.572925472259521484e+01
1.441923236846923828e+01	1.028949832916259766e+01	9.499102592468261719e+00	1.322337913513183594e+01	1.759453582763671875e+01	5.477719306945800781e+00
2.810035514831542969e+01	2.154435920715332031e+01	2.272324752807617188e+01	2.654133605957031250e+01	1.287400817871093750e+01	2.222621536254882812e+01
1.433758544921875000e+01	1.333387851715087891e+01	4.180354118347167969e+00	8.344246864318847656e+00	1.350820541381835938e+00	1.345805168151855469e+01
1.918400955200195312e+01	2.848015308380126953e+00	1.831503677368164062e+01	2.244196891784667969e+00	6.633799552917480469e+00	1.320084857940673828e+01
9.955938339233398438e+00	8.342617034912109375e+00	1.594615936279296875e+00	4.960690498352050781e+00	1.306089591979980469e+01	1.266739749908447266e+01
1.170349121093750000e+01	6.270974636077880859e+00	1.295209884643554688e+00	1.084833145141601562e+00	4.390916824340820312e+00	1.239496231079101562e+01
2.004090690612792969e+01	1.125244140625000000e+01	1.392551517486572266e+01	7.940035820007324219e+00	1.795652389526367188e+01	4.029973983764648438e+00
1.420014286041259766e+01	1.483622646331787109e+01	7.781537055969238281e+00	8.893251419067382812e+00	1.194456100463867188e+01	4.271619796752929688e+00
1.831711959838867188e+01	7.268000602722167969e+00	1.716026306152343750e+01	9.208282470703125000e+00	1.102039718627929688e+01	1.026099205017089844e+01
1.904583930969238281e+01	2.242616653442382812e+01	1.434880065917968750e+01	2.267620849609375000e+01	1.610652351379394531e+01	1.774234390258789062e+01
1.178777790069580078e+01	1.014539623260498047e+01	8.514364242553710938e+00	1.090109729766845703e+01	1.182822608947753906e+01	1.144390583038330078e+01
1.093421173095703125e+01	9.923886299133300781e+00	7.200814723968505859e+00	1.363030052185058594e+01	1.389620971679687500e+01	5.778113842010498047e+00
1.458069992065429688e+01	0.000000000000000000e+00	0.000000000000000000e+00	0.000000000000000000e+00	2.330464363098144531e+00	5.792895793914794922e+00
1.978247070312500000e+01	1.471687889099121094e+01	2.065633010864257812e+01	1.372984313964843750e+01	7.046359539031982422e+00	1.597741699218750000e+01
1.821659851074218750e+01	1.155806159973144531e+01	1.183558464050292969e+01	1.143259525299072266e+01	7.126434326171875000e+00	8.902381896972656250e+00
2.100578498840332031e+01	1.217336654663085938e+01	1.576223945617675781e+01	1.774709320068359375e+01	1.602009963989257812e+01	9.739957809448242188e+00
1.134685325622558594e+01	1.673743438720703125e+01	6.226501464843750000e-01	2.143055152893066406e+01	9.015503883361816406e+00	1.087757110595703125e+01
1.530621623992919922e+01	1.499826049804687500e+01	1.716319847106933594e+01	1.177198219299316406e+01	1.180844306945800781e+01	3.569482803344726562e+00
1.717008018493652344e+01	2.395437431335449219e+01	1.827828788757324219e+01	1.355334472656250000e+01	1.535066413879394531e+01	1.150831031799316406e+01
6.035694122314453125e+00	2.879597187042236328e+00	1.167035007476806641e+01	1.800984382629394531e+01	2.816643714904785156e+00	8.211421966552734375e-01
8.588766098022460938e+00	7.213765621185302734e+00	1.074570178985595703e+01	1.294743061065673828e+01	1.296268177032470703e+01	5.700049877166748047e+00
1.312759113311767578e+01	1.820556640625000000e+00	1.094356441497802734e+01	3.167345046997070312e+00	5.484631061553955078e+00	8.051032066345214844e+00
7.630743980407714844e+00	1.785565185546875000e+01	8.080873489379882812e+00	1.283685588836669922e+01	1.568570518493652344e+01	6.081476211547851562e+00
2.265891456604003906e+01	1.677024078369140625e+01	1.454269123077392578e+01	1.062955284118652344e+01	9.364352226257324219e+00	1.834186172485351562e+01
1.720771980285644531e+01	1.629925155639648438e+01	9.417917251586914062e+00	7.950546264648437500e+00	1.170440864562988281e+01	1.053980922698974609e+01
1.693711471557617188e+01	2.835633754730224609e+00	4.108237266540527344e+00	7.635190963745117188e+00	7.116657257080078125e+00	7.246602058410644531e+00
7.941980361938476562e+00	1.543132400512695312e+01	6.844603538513183594e+00	8.646133422851562500e+00	7.863348007202148438e+00	0.000000000000000000e+00
1.285700988769531250e+01	4.499432086944580078e+00	1.318213272094726562e+01	1.253649425506591797e+01	1.192768859863281250e+01	7.136980056762695312e+00
8.884203910827636719e+00	6.854271888732910156e+00	1.261149024963378906e+01	3.303219795227050781e+00	4.253005981445312500e-02	7.671726226806640625e+00
5.621015548706054688e+00	6.610730171203613281e+00	1.070237064361572266e+01	2.358449172973632812e+01	1.101093101501464844e+01	5.084677696228027344e+00
4.782136917114257812e+00	0.000000000000000000e+00	1.908530235290527344e+00	7.877759456634521484e+00	0.000000000000000000e+00	2.506565093994140625e+00
1.981130218505859375e+01	1.005981445312500000e+01	5.635149955749511719e+00	1.196988964080810547e+01	1.310679244995117188e+01	1.547334575653076172e+01
1.447481822967529297e+01	2.400807380676269531e+01	1.842387008666992188e+01	1.870466232299804688e+01	1.575097560882568359e+01	2.246508026123046875e+01
2.017793655395507812e+01	7.865283012390136719e+00	1.873916625976562500e+01	1.732759475708007812e+01	1.107561683654785156e+01	9.703967094421386719e+00
2.492880249023437500e+01	1.533013248443603516e+01	7.434419631958007812e+00	6.291003704071044922e+00	9.169310569763183594e+00	6.626644134521484375e+00
2.218978881835937500e+01	6.502404689788818359e+00	1.976243591308593750e+01	1.023213481903076172e+01	9.101370811462402344e+00	1.777945899963378906e+01
1.193521976470947266e+01	1.165640830993652344e+01	2.778296470642089844e+00	1.883632278442382812e+01	5.983402252197265625e+00	1.107180023193359375e+01
1.972999954223632812e+01	7.957746505737304688e+00	6.026291847229003906e+00	1.423841762542724609e+01	6.020562648773193359e+00	9.054351806640625000e+00
1.268291854858398438e+01	1.317588901519775391e+01	5.981337547302246094e+00	4.003971099853515625e+00	1.326584148406982422e+01	1.611688613891601562e+00
2.355434608459472656e+01	1.928466033935546875e+01	2.138831901550292969e+01	1.823246765136718750e+01	1.309691619873046875e+01	1.769078636169433594e+01
2.734012222290039062e+01	2.603971481323242188e+01	2.149279975891113281e+01	1.899154281616210938e+01	9.310239791870117188e+00	1.847959899902343750e+01
1.006803512573242188e+01	1.168559837341308594e+01	1.480519294738769531e+01	1.290839004516601562e+01	9.442882537841796875e+00	1.193400573730468750e+01
2.864960861206054688e+01	1.893547630310058594e+01	1.544888305664062500e+01	1.462969017028808594e+01	1.298207569122314453e+01	1.694352722167968750e+01
9.984144210815429688e+00	0.000000000000000000e+00	9.314906120300292969e+00	1.007744693756103516e+01	1.361158084869384766e+01	8.820283889770507812e+00
1.373089694976806641e+01	1.388269805908203125e+01	1.041457557678222656e+01	2.505514526367187500e+01	1.640516090393066406e+01	1.807275390625000000e+01
7.220111846923828125e+00	1.204291343688964844e+01	1.301001930236816406e+01	1.708592796325683594e+01	4.601312160491943359e+00	1.071167659759521484e+01
6.511882781982421875e+00	8.173381805419921875e+00	8.278768539428710938e+00	1.878978347778320312e+01	7.370773792266845703e+00	4.708226203918457031e+00
2.482649612426757812e+01	2.098905563354492188e+01	1.388482761383056641e+01	2.901367378234863281e+01	8.819570541381835938e+00	2.067700195312500000e+01
1.222630786895751953e+01	1.435865974426269531e+01	1.060328292846679688e+01	1.213582134246826172e+01	1.412046718597412109e+01	8.707704544067382812e+00
2.175764274597167969e+01	1.544997024536132812e+01	1.467469787597656250e+01	1.351705074310302734e+01	3.528077125549316406e+00	1.276271343231201172e+01
1.378142833709716797e+01	3.787199974060058594e+00	2.315936088562011719e+00	1.437719535827636719e+01	6.710233688354492188e+00	1.129460048675537109e+01
1.716724395751953125e+01	1.571395206451416016e+01	1.445126819610595703e+01	2.063338470458984375e+01	1.379833316802978516e+01	2.080027008056640625e+01
1.427146530151367188e+01	9.172561645507812500e+00	3.815129280090332031e+00	1.488263893127441406e+01	9.139394760131835938e+00	1.792857360839843750e+01
2.029609680175781250e+01	1.301658916473388672e+01	1.422000694274902344e+01	1.137613201141357422e+01	9.355078697204589844e+00	1.526208305358886719e+01
2.137697792053222656e+01	1.771450996398925781e+00	1.630717086791992188e+01	0.000000000000000000e+00	5.497852325439453125e+00	1.288902854919433594e+01
3.315973281860351562e+00	9.336471557617187500e-03	7.171768665313720703e+00	7.944960594177246094e+00	5.528662681579589844e+00	3.218068599700927734e+00
2.119054794311523438e+01	2.716370964050292969e+01	8.141733169555664062e+00	1.623222351074218750e+01	1.295799446105957031e+01	1.945801353454589844e+01
1.651394271850585938e+01	1.632470703125000000e+01	1.110774612426757812e+01	2.351012039184570312e+01	6.303664207458496094e+00	2.031567382812500000e+01
1.629886627197265625e+01	7.229656219482421875e+00	2.672419548034667969e+00	1.144672966003417969e+01	1.221005058288574219e+01	1.037999057769775391e+01
7.331169128417968750e+00	8.172290802001953125e+00	7.499372482299804688e+00	1.195433044433593750e+01	1.040284633636474609e+01	1.027640819549560547e+01
1.746067237854003906e+01	1.847859191894531250e+01	7.024364948272705078e+00	1.351958847045898438e+01	6.605049133300781250e+00	1.661819458007812500e+01
1.218981170654296875e+01	3.519001007080078125e-01	7.335335731506347656e+00	6.614660263061523438e+00	5.241497993469238281e+00	7.977976322174072266e+00
2.210623550415039062e+01	1.115148544311523438e+01	1.619839859008789062e+01	1.375285053253173828e+01	9.720479965209960938e+00	1.369977378845214844e+01
1.739956665039062500e+01	3.962608337402343750e+00	6.833992004394531250e-01	1.018556499481201172e+01	9.238960266113281250e+00	5.960216522216796875e+00
1.536933994293212891e+01	1.284231376647949219e+01	1.075684928894042969e+01	9.277517318725585938e+00	1.175489807128906250e+01	9.322591781616210938e+00
1.291080760955810547e+01	1.174308204650878906e+01	1.706116104125976562e+01	1.662105941772460938e+01	1.960328102111816406e+01	8.173874855041503906e+00
2.552178573608398438e+01	1.665257263183593750e+01	2.235929870605468750e+01	1.370640087127685547e+01	1.297200393676757812e+01	1.044723796844482422e+01
1.895347213745117188e+01	1.911966323852539062e+00	1.947791671752929688e+01	1.137348270416259766e+01	1.719282531738281250e+01	8.656607627868652344e+00
3.273200988769531250e+01	2.603020477294921875e+01	1.788562393188476562e+01	1.958622932434082031e+01	1.336502265930175781e+01	1.087728691101074219e+01
1.287595367431640625e+01	8.034070968627929688e+00	8.160756111145019531e+00	1.338810443878173828e+01	7.147950649261474609e+00	1.315948200225830078e+01
2.001493453979492188e+01	1.483283042907714844e+01	1.062180042266845703e+01	2.124411773681640625e+01	1.317432785034179688e+01	1.764749717712402344e+01
1.908227348327636719e+01	1.809173774719238281e+01	1.064942550659179688e+01	1.566535377502441406e+01	8.415806770324707031e+00	1.935810089111328125e+01
1.408368682861328125e+01	4.297844886779785156e+00	3.901801109313964844e+00	1.142832374572753906e+01	1.065551185607910156e+01	1.078309154510498047e+01
1.617240524291992188e+01	7.128667354583740234e+00	2.156270027160644531e+00	1.540868568420410156e+01	4.004311084747314453e+00	1.114838409423828125e+01
1.597036552429199219e+01	0.000000000000000000e+00	1.191650390625000000e+01	1.747939682006835938e+01	1.423783397674560547e+01	1.394383811950683594e+01
5.250725746154785156e+00	8.301221847534179688e+00	5.563674926757812500e+00	9.822671890258789062e+00	4.943847656250000000e-01	1.410231590270996094e+00
1.524569034576416016e+01	1.531408882141113281e+01	8.414392471313476562e+00	8.342091560363769531e+00	1.198200035095214844e+01	1.070451068878173828e+01
1.247445201873779297e+01	7.082448482513427734e+00	9.931020736694335938e+00	8.225402832031250000e+00	5.305808544158935547e+00	8.956210136413574219e+00
1.546201515197753906e+01	1.487568855285644531e+01	1.595588588714599609e+01	8.324653625488281250e+00	1.727798461914062500e+01	1.269450378417968750e+01
1.757435417175292969e+01	1.395819759368896484e+01	1.265365314483642578e+01	1.528734207153320312e+01	1.171151924133300781e+01	1.432013225555419922e+01
2.253964805603027344e+01	9.791434288024902344e+00	1.514916133880615234e+01	1.260010242462158203e+01	1.512463378906250000e+01	1.440206241607666016e+01
1.480787086486816406e+01	3.278108596801757812e+00	1.238691139221191406e+01	1.342514896392822266e+01	6.063501834869384766e+00	8.399367332458496094e+00
1.347113800048828125e+01	8.382759094238281250e+00	7.896968841552734375e+00	8.032130241394042969e+00	6.890851974487304688e+00	2.060829353332519531e+01
1.586704254150390625e+01	1.521881771087646484e+01	1.212477111816406250e+01	1.598237037658691406e+01	1.144038677215576172e+01	1.308320713043212891e+01
2.019740676879882812e+01	1.289482116699218750e+01	1.194291019439697266e+01	1.278689384460449219e+01	1.198861503601074219e+01	1.571186065673828125e+01
2.331665420532226562e+01	1.348453140258789062e+01	2.137147903442382812e+01	1.668346405029296875e+01	1.000924873352050781e+01	1.260176372528076172e+01
1.440441417694091797e+01	9.736585617065429688e+00	7.732803344726562500e+00	1.573334884643554688e+01	9.795234680175781250e+00	1.420654773712158203e+01
1.869965362548828125e+01	1.082025623321533203e+01	1.445820426940917969e+01	1.469951820373535156e+01	9.656641006469726562e+00	1.179214763641357422e+01
3.076232147216796875e+01	1.443727016448974609e+01	1.922569656372070312e+01	8.717715263366699219e+00	1.366101074218750000e+01	1.593402194976806641e+01
1.380393028259277344e+01	8.041021347045898438e+00	6.884055137634277344e+00	1.364479827880859375e+01	9.849761009216308594e+00	9.255490303039550781e+00
1.596570014953613281e+01	1.453508663177490234e+01	1.553522682189941406e+01	2.049458312988281250e+01	1.050160312652587891e+01	1.277126121520996094e+01
1.837581634521484375e+01	1.355777645111083984e+01	1.021866512298583984e+01	1.844734191894531250e+01	1.351193428039550781e+01	1.300015449523925781e+01
2.075425529479980469e+01	1.605965042114257812e+01	1.529654121398925781e+01	1.592120361328125000e+01	1.218892097473144531e+01	1.326425838470458984e+01
2.050507354736328125e+01	1.170446968078613281e+01	7.356826782226562500e+00	9.116851806640625000e+00	1.589426612854003906e+01	1.360896968841552734e+01
1.666036605834960938e+01	1.240181636810302734e+01	1.334637737274169922e+01	1.131551647186279297e+01	1.154850196838378906e+01	7.672093391418457031e+00
1.773354339599609375e+01	1.223442935943603516e+01	1.124674606323242188e+01	1.891748809814453125e+01	1.670555496215820312e+01	1.245061397552490234e+01
1.246231365203857422e+01	7.131010055541992188e+00	7.180072784423828125e+00	1.510512542724609375e+01	6.080305099487304688e+00	5.298906326293945312e+00
1.754697608947753906e+01	1.268829822540283203e+01	9.310814857482910156e+00	1.265575218200683594e+01	8.517930984497070312e+00	1.104788780212402344e+01
1.660817718505859375e+01	5.291729927062988281e+00	9.050415039062500000e+00	1.159458160400390625e+01	9.701131820678710938e+00	1.347010231018066406e+01
1.636793518066406250e+01	1.893577194213867188e+01	1.233039569854736328e+01	1.871817398071289062e+01	9.676431655883789062e+00	1.874109840393066406e+01
1.295298099517822266e+01	8.521974563598632812e+00	4.003978252410888672e+00	3.938531875610351562e+00	1.094294071197509766e+01	5.588137626647949219e+00
1.714391326904296875e+01	9.724912643432617188e+00	8.091025352478027344e+00	9.339263916015625000e+00	4.820179939270019531e+00	5.502746105194091797e+00
1.418482398986816406e+01	1.707055854797363281e+01	2.566029548645019531e+00	1.838730812072753906e+01	5.718152999877929688e+00	5.277482986450195312e+00
1.361253738403320312e+01	8.689342498779296875e+00	1.466271114349365234e+01	6.426262855529785156e+00	6.669519901275634766e+00	8.150874137878417969e+00
1.369040870666503906e+01	8.743968009948730469e+00	6.410552501678466797e+00	1.547465705871582031e+01	1.229027843475341797e+01	1.455431652069091797e+01
2.512567138671875000e+01	1.335314369201660156e+01	2.028200912475585938e+01	1.286944770812988281e+01	7.105302810668945312e+00	1.604137420654296875e+01
1.813330459594726562e+01	1.115780925750732422e+01	1.076485443115234375e+01	1.105933952331542969e+01	1.034543037414550781e+01	6.504124164581298828e+00
2.073729515075683594e+01	1.155311584472656250e+01	1.041315078735351562e+01	1.155034065246582031e+01	1.149061775207519531e+01	1.233574676513671875e+01
1.882189941406250000e+01	9.442854881286621094e+00	1.064359855651855469e+01	1.254534053802490234e+01	1.278616142272949219e+01	8.295777320861816406e+00
1.587868118286132812e+01	9.342177391052246094e+00	1.244150924682617188e+01	1.653380966186523438e+01	9.952420234680175781e+00	1.295518302917480469e+01
1.356146049499511719e+01	8.467559814453125000e+00	9.214742660522460938e+00	1.104050159454345703e+01	1.503843688964843750e+01	1.339076805114746094e+01
9.596683502197265625e+00	0.000000000000000000e+00	6.746207237243652344e+00	1.579216766357421875e+01	9.337903976440429688e+00	1.096242141723632812e+01
1.688633537292480469e+01	2.444400024414062500e+01	1.053011035919189453e+01	2.079111480712890625e+01	1.213430213928222656e+01	1.681225585937500000e+01
1.360518550872802734e+01	9.989801406860351562e+00	1.364771270751953125e+01	7.246877193450927734e+00	1.185415840148925781e+01	6.361433982849121094e+00
1.155282974243164062e+01	1.175388050079345703e+01	1.151968288421630859e+01	1.880968284606933594e+01	1.137654113769531250e+01	1.179921245574951172e+01
1.277319717407226562e+01	1.209510326385498047e+01	9.030091285705566406e+00	6.530519485473632812e+00	2.617005348205566406e+00	1.059689140319824219e+01
2.051597404479980469e+01	8.730545043945312500e+00	1.699255371093750000e+01	1.574949359893798828e+01	1.057797336578369141e+01	1.243125247955322266e+01
1.599914646148681641e+01	9.129408836364746094e+00	9.356460571289062500e+00	6.623000144958496094e+00	0.000000000000000000e+00	1.395830726623535156e+01
2.008098983764648438e+01	1.751093864440917969e+01	1.656618881225585938e+01	2.153914260864257812e+01	1.331318283081054688e+01	1.877662658691406250e+01
1.712244606018066406e+01	1.029029750823974609e+01	1.096091842651367188e+01	1.298807525634765625e+01	9.124834060668945312e+00	1.195997142791748047e+01
1.181382942199707031e+01	1.088856983184814453e+01	8.887892723083496094e+00	1.117057514190673828e+01	1.419366073608398438e+01	1.085121440887451172e+01
8.843151092529296875e+00	1.200333309173583984e+01	8.808394432067871094e+00	1.499032211303710938e+01	1.033074760437011719e+01	5.717362880706787109e+00
1.848617172241210938e+01	8.352649688720703125e+00	1.671972656250000000e+01	1.305888938903808594e+01	8.330820083618164062e+00	9.808654785156250000e+00
1.552213859558105469e+01	1.156493759155273438e+01	1.389870452880859375e+01	1.302391815185546875e+01	8.970488548278808594e+00	1.234118175506591797e+01
2.046083450317382812e+01	5.790750980377197266e+00	9.058231353759765625e+00	1.474508857727050781e+01	8.971122741699218750e+00	7.195049285888671875e+00
1.634675979614257812e+01	8.032484054565429688e+00	1.188920783996582031e+01	1.029314136505126953e+01	1.009835624694824219e+01	8.115095138549804688e+00
1.102657699584960938e+01	5.762721061706542969e+00	8.671262741088867188e+00	7.914748191833496094e+00	4.905641078948974609e+00	1.013648796081542969e+01
2.411430358886718750e+01	1.742470359802246094e+01	8.989646911621093750e+00	8.168754577636718750e+00	1.167029380798339844e+01	9.612560272216796875e+00
1.634305572509765625e+01	1.017635250091552734e+01	6.757249832153320312e+00	2.109776115417480469e+01	1.015886783599853516e+01	1.542983055114746094e+01
1.441146659851074219e+01	1.984649848937988281e+01	1.116633987426757812e+01	2.140838050842285156e+01	9.054745674133300781e+00	1.815094757080078125e+01
1.401629161834716797e+01	1.353610992431640625e+01	7.775025367736816406e+00	1.756421661376953125e+01	1.208505725860595703e+01	5.548879146575927734e+00
2.010218811035156250e+01	3.590039253234863281e+00	1.659158325195312500e+01	1.644110107421875000e+01	1.211934089660644531e+01	9.785389900207519531e+00
1.723610115051269531e+01	1.670719909667968750e+01	1.540285873413085938e+01	1.550385761260986328e+01	1.579288482666015625e+01	1.003739738464355469e+01
1.694298171997070312e+01	1.147292709350585938e+01	1.054893589019775391e+01	1.026481437683105469e+01	5.479202270507812500e+00	1.117733955383300781e+01
1.259617042541503906e+01	8.877250671386718750e+00	1.332367324829101562e+01	1.220550060272216797e+01	1.350633525848388672e+01	1.268243312835693359e+01
1.783350372314453125e+01	1.218603420257568359e+01	8.007797241210937500e+00	7.645411491394042969e+00	1.251553821563720703e+01	1.304281425476074219e+01
1.935025405883789062e+01	1.187968063354492188e+01	1.154632854461669922e+01	1.743655586242675781e+01	9.493514060974121094e+00	1.342105197906494141e+01
2.285876846313476562e+01	2.401552963256835938e+01	1.785421752929687500e+01	1.868149757385253906e+01	1.385432910919189453e+01	1.921079254150390625e+01
1.507853126525878906e+01	7.106416225433349609e+00	6.625696659088134766e+00	1.018617534637451172e+01	1.711666679382324219e+01	9.585920333862304688e+00
1.485147666931152344e+01	1.261396217346191406e+01	4.088640213012695312e+00	1.214813423156738281e+01	1.365989017486572266e+01	6.097561836242675781e+00
1.980502510070800781e+01	1.290219211578369141e+01	1.707491874694824219e+01	1.510582828521728516e+01	1.166652011871337891e+01	1.153369998931884766e+01
1.266362953186035156e+01	1.459096145629882812e+01	4.775317668914794922e+00	2.925043106079101562e+00	8.198476791381835938e+00	1.344971656799316406e+01
1.962972259521484375e+01	1.411651420593261719e+01	1.000891780853271484e+01	1.653774452209472656e+01	1.118748664855957031e+01	1.441222000122070312e+01
1.765343856811523438e+01	5.411327838897705078e+00	7.576433181762695312e+00	1.196256637573242188e+01	7.809327125549316406e+00	1.227858734130859375e+01
1.756128311157226562e+01	9.147251129150390625e+00	1.215166282653808594e+01	1.177039718627929688e+01	1.089574909210205078e+01	8.683567047119140625e+00
2.008826446533203125e+01	1.303674316406250000e+01	1.472047042846679688e+01	1.579625701904296875e+01	1.287303733825683594e+01	1.774171829223632812e+01
1.506518459320068359e+01	9.558079719543457031e+00	1.088831329345703125e+01	1.825519561767578125e+01	1.930496215820312500e+01	9.286472320556640625e+00
1.775692367553710938e+01	1.041079998016357422e+01	1.258766746520996094e+01	1.168040657043457031e+01	1.141325378417968750e+01	1.309834575653076172e+01
1.179939460754394531e+01	7.204502105712890625e+00	7.007344722747802734e+00	1.423347282409667969e+01	6.711625576019287109e+00	1.561080551147460938e+01
1.143980216979980469e+01	1.043756103515625000e+01	1.030408954620361328e+01	1.268941974639892578e+01	1.035327434539794922e+01	6.406335353851318359e+00
1.308749485015869141e+01	1.993008422851562500e+01	1.542798614501953125e+01	1.127214717864990234e+01	9.061496734619140625e+00	1.318998908996582031e+01
2.027274894714355469e+01	1.030705738067626953e+01	1.701490783691406250e+01	1.598977279663085938e+01	8.879391670227050781e+00	1.145656394958496094e+01
1.605199623107910156e+01	8.827383995056152344e+00	6.598200798034667969e+00	1.189858245849609375e+01	1.043805027008056641e+01	1.094557189941406250e+01
1.652068710327148438e+01	1.097691822052001953e+01	9.390272140502929688e+00	1.177050781250000000e+01	1.009483528137207031e+01	1.148298168182373047e+01
1.952483749389648438e+01	1.449900817871093750e+01	1.548164176940917969e+01	1.616031837463378906e+01	1.187151908874511719e+01	1.116766071319580078e+01
1.790304565429687500e+01	9.758586883544921875e+00	1.416277503967285156e+01	1.696192932128906250e+01	8.670131683349609375e+00	1.101073074340820312e+01
1.433855056762695312e+01	1.144291687011718750e+01	1.174354267120361328e+01	9.543884277343750000e+00	4.689752101898193359e+00	1.303475666046142578e+01
1.210274410247802734e+01	9.439600944519042969e+00	5.242873191833496094e+00	1.088315868377685547e+01	7.424456119537353516e+00	4.992322921752929688e+00
1.202145195007324219e+01	1.010552406311035156e+01	1.319510555267333984e+01	1.529485225677490234e+01	1.208653926849365234e+01	1.625972557067871094e+01
1.974537277221679688e+01	8.841085433959960938e+00	1.405630493164062500e+01	9.061260223388671875e+00	1.307071590423583984e+01	1.456715583801269531e+01
1.980450630187988281e+01	1.305927848815917969e+01	1.238029861450195312e+01	1.435361099243164062e+01	1.193882465362548828e+01	1.185387516021728516e+01
2.066260337829589844e+01	1.198340797424316406e+01	1.370848178863525391e+01	1.452479839324951172e+01	1.330975818634033203e+01	1.325560474395751953e+01
1.944170761108398438e+01	1.200093650817871094e+01	1.188157081604003906e+01	1.459184360504150391e+01	1.123850250244140625e+01	1.238484382629394531e+01
1.970408439636230469e+01	1.337431907653808594e+01	1.373927688598632812e+01	1.565988159179687500e+01	1.248856735229492188e+01	1.320847606658935547e+01
2.029258346557617188e+01	1.287106895446777344e+01	1.332510662078857422e+01	1.375899696350097656e+01	1.107442760467529297e+01	1.304317092895507812e+01
2.075813484191894531e+01	1.375955200195312500e+01	1.335346508026123047e+01	1.549263763427734375e+01	1.277544689178466797e+01	1.361536693572998047e+01
1.909723091125488281e+01	1.158108806610107422e+01	1.197550201416015625e+01	1.560535240173339844e+01	1.250898361206054688e+01	1.165810775756835938e+01
1.999396133422851562e+01	1.327359294891357422e+01	1.254525852203369141e+01	1.543587207794189453e+01	1.165300941467285156e+01	1.375564956665039062e+01
2.047761726379394531e+01	1.274994850158691406e+01	1.417092132568359375e+01	1.508437633514404297e+01	1.287454795837402344e+01	1.390828227996826172e+01
2.040541839599609375e+01	1.299665451049804688e+01	1.287604331970214844e+01	1.417230796813964844e+01	1.154809570312500000e+01	1.235731792449951172e+01
2.068463134765625000e+01	1.333371925354003906e+01	1.380957508087158203e+01	1.590002155303955078e+01	1.132825946807861328e+01	1.419911670684814453e+01
1.834573936462402344e+01	1.263454437255859375e+01	1.162149333953857422e+01	1.557771873474121094e+01	1.216039657592773438e+01	1.353697013854980469e+01
1.957193183898925781e+01	1.206539916992187500e+01	1.226746368408203125e+01	1.491560268402099609e+01	1.200695514678955078e+01	1.231913757324218750e+01
2.052059173583984375e+01	1.275986576080322266e+01	1.248938655853271484e+01	1.483829116821289062e+01	1.270395088195800781e+01	1.362182044982910156e+01
1.974916458129882812e+01	1.230323600769042969e+01	1.409273529052734375e+01	1.505673503875732422e+01	1.239037227630615234e+01	1.269586086273193359e+01
1.870933341979980469e+01	1.062530517578125000e+01	1.342781257629394531e+01	1.386273860931396484e+01	1.153769207000732422e+01	1.221528148651123047e+01
2.086815071105957031e+01	1.287904167175292969e+01	1.375264072418212891e+01	1.480025196075439453e+01	1.241733837127685547e+01	1.354665565490722656e+01
1.821328544616699219e+01	1.144935607910156250e+01	1.229337120056152344e+01	1.444082450866699219e+01	1.182693481445312500e+01	1.205608367919921875e+01
2.033680534362792969e+01	1.328043365478515625e+01	1.355416393280029297e+01	1.530870437622070312e+01	1.217595291137695312e+01	1.281394481658935547e+01
2.084857749938964844e+01	1.287790870666503906e+01	1.345042133331298828e+01	1.540704536437988281e+01	1.282967472076416016e+01	1.357373809814453125e+01
1.995265197753906250e+01	1.260308456420898438e+01	1.284804725646972656e+01	1.473130035400390625e+01	1.202504920959472656e+01	1.241347599029541016e+01
1.950743484497070312e+01	1.270315361022949219e+01	1.269345092773437500e+01	1.466942405700683594e+01	1.198605155944824219e+01	1.317501640319824219e+01
1.943675041198730469e+01	1.340666675567626953e+01	1.243113899230957031e+01	1.418372344970703125e+01	1.222499942779541016e+01	1.187989521026611328e+01
2.031665420532226562e+01	1.215798950195312500e+01	1.443935394287109375e+01	1.529056739807128906e+01	1.249242401123046875e+01	1.313817787170410156e+01
1.992586708068847656e+01	1.272622394561767578e+01	1.430933094024658203e+01	1.497731876373291016e+01	1.314592170715332031e+01	1.299891948699951172e+01
1.952943611145019531e+01	1.325468921661376953e+01	1.355556488037109375e+01	1.646619224548339844e+01	1.310806083679199219e+01	1.401737213134765625e+01
2.040189361572265625e+01	1.199523162841796875e+01	1.418502616882324219e+01	1.478132247924804688e+01	1.258739757537841797e+01	1.213964462280273438e+01
1.942169761657714844e+01	1.172437191009521484e+01	1.315214252471923828e+01	1.402222824096679688e+01	1.143635749816894531e+01	1.179139041900634766e+01
2.109315109252929688e+01	1.327978324890136719e+01	1.350206089019775391e+01	1.528914070129394531e+01	1.247571754455566406e+01	1.387167835235595703e+01
1.894179153442382812e+01	1.133442974090576172e+01	1.276524353027343750e+01	1.546173477172851562e+01	1.167107963562011719e+01	1.195106029510498047e+01
1.975932312011718750e+01	1.204532337188720703e+01	1.258133697509765625e+01	1.553751945495605469e+01	1.184546184539794922e+01	1.325725936889648438e+01
1.944400787353515625e+01	1.328924560546875000e+01	1.345870780944824219e+01	1.478402709960937500e+01	1.266789150238037109e+01	1.215012454986572266e+01
1.911024665832519531e+01	1.165476322174072266e+01	1.291442298889160156e+01	1.497511482238769531e+01	1.267928314208984375e+01	1.337973499298095703e+01
2.029415130615234375e+01	1.223962211608886719e+01	1.426618671417236328e+01	1.547960376739501953e+01	1.240743541717529297e+01	1.285335063934326172e+01
1.995510482788085938e+01	1.286022949218750000e+01	1.323820781707763672e+01	1.365856742858886719e+01	1.241937541961669922e+01	1.245159053802490234e+01
2.103263854980468750e+01	1.369416809082031250e+01	1.297064781188964844e+01	1.503218841552734375e+01	1.163680267333984375e+01	1.388958740234375000e+01
1.924407386779785156e+01	1.096956443786621094e+01	1.256180953979492188e+01	1.527184295654296875e+01	1.212306118011474609e+01	1.185393714904785156e+01
2.075504493713378906e+01	1.318346118927001953e+01	1.373969173431396484e+01	1.591967678070068359e+01	1.299154949188232422e+01	1.301760768890380859e+01
2.061902809143066406e+01	1.387667751312255859e+01	1.435647964477539062e+01	1.474995994567871094e+01	1.272533035278320312e+01	1.264526844024658203e+01
1.978886032104492188e+01	1.216778278350830078e+01	1.331227493286132812e+01	1.523188209533691406e+01	1.266150093078613281e+01	1.431263446807861328e+01
1.988979721069335938e+01	1.397279167175292969e+01	1.375099849700927734e+01	1.448986911773681641e+01	1.189044666290283203e+01	1.283362770080566406e+01
2.000042152404785156e+01	1.319310951232910156e+01	1.293765068054199219e+01	1.465159893035888672e+01	1.289014053344726562e+01	1.312537193298339844e+01
1.991523551940917969e+01	1.249122428894042969e+01	1.381256675720214844e+01	1.486018276214599609e+01	1.145316505432128906e+01	1.181274795532226562e+01
2.097177696228027344e+01	1.340514755249023438e+01	1.456008911132812500e+01	1.513164138793945312e+01	1.312271595001220703e+01	1.334259986877441406e+01
1.831216812133789062e+01	1.277587223052978516e+01	1.181575012207031250e+01	1.472053909301757812e+01	1.164797210693359375e+01	1.305357265472412109e+01
2.044427490234375000e+01	1.251808547973632812e+01	1.402212524414062500e+01	1.524126148223876953e+01	1.260601615905761719e+01	1.367183971405029297e+01
1.956133842468261719e+01	1.253068065643310547e+01	1.317636489868164062e+01	1.536634826660156250e+01	1.267740345001220703e+01	1.349710655212402344e+01
2.089754104614257812e+01	1.317265892028808594e+01	1.374363708496093750e+01	1.418968582153320312e+01	1.353304862976074219e+01	1.270519828796386719e+01
1.948755836486816406e+01	1.282373046875000000e+01	1.319305038452148438e+01	1.362697505950927734e+01	1.118357181549072266e+01	1.202239704132080078e+01
1.963170051574707031e+01	1.224919319152832031e+01	1.408444023132324219e+01	1.482838535308837891e+01	1.293981647491455078e+01	1.250274848937988281e+01
2.056360244750976562e+01	1.224552249908447266e+01	1.366442489624023438e+01	1.500396156311035156e+01	1.296563148498535156e+01	1.266500854492187500e+01
2.142176818847656250e+01	1.350527191162109375e+01	1.394012069702148438e+01	1.512033081054687500e+01	1.280549240112304688e+01	1.391451740264892578e+01
2.024593925476074219e+01	1.245725917816162109e+01	1.331145477294921875e+01	1.539837837219238281e+01	1.184029960632324219e+01	1.318830776214599609e+01
1.998763656616210938e+01	1.395538330078125000e+01	1.464115905761718750e+01	1.624565887451171875e+01	1.255216693878173828e+01	1.348951625823974609e+01
2.031063652038574219e+01	1.270888519287109375e+01	1.355930614471435547e+01	1.403386878967285156e+01	1.200469779968261719e+01	1.423130416870117188e+01
1.917704391479492188e+01	1.293182659149169922e+01	1.308836269378662109e+01	1.526455116271972656e+01	1.188534450531005859e+01	1.238614368438720703e+01
1.974233436584472656e+01	1.234985160827636719e+01	1.258392524719238281e+01	1.354224205017089844e+01	1.214774227142333984e+01	1.182734298706054688e+01
1.924025917053222656e+01	1.253157615661621094e+01	1.301642608642578125e+01	1.402262020111083984e+01	1.330039501190185547e+01	1.239593505859375000e+01
1.986090469360351562e+01	1.195880794525146484e+01	1.290734291076660156e+01	1.384266185760498047e+01	1.166739559173583984e+01	1.344802188873291016e+01
1.879182434082031250e+01	1.063542556762695312e+01	1.228415679931640625e+01	1.416060066223144531e+01	1.230665111541748047e+01	1.233485221862792969e+01
1.930177688598632812e+01	1.215996074676513672e+01	1.303646659851074219e+01	1.417929172515869141e+01	1.163435459136962891e+01	1.155981826782226562e+01
2.141299629211425781e+01	1.251339435577392578e+01	1.432771873474121094e+01	1.444886970520019531e+01	1.142105007171630859e+01	1.309401988983154297e+01
2.072511672973632812e+01	1.338444709777832031e+01	1.392303276062011719e+01	1.584891319274902344e+01	1.291582298278808594e+01	1.410465240478515625e+01
1.990128707885742188e+01	1.181273746490478516e+01	1.351560020446777344e+01	1.513035774230957031e+01	1.270545196533203125e+01	1.391343498229980469e+01
2.067815208435058594e+01	1.324058341979980469e+01	1.356302547454833984e+01	1.422216129302978516e+01	1.208898353576660156e+01	1.360884094238281250e+01
1.940076828002929688e+01	1.365585899353027344e+01	1.274746704101562500e+01	1.496786880493164062e+01	1.275104236602783203e+01	1.241024971008300781e+01
1.893691635131835938e+01	1.254288482666015625e+01	1.357434272766113281e+01	1.494840335845947266e+01	1.225236511230468750e+01	1.242858886718750000e+01
1.957624244689941406e+01	1.119932937622070312e+01	1.224137783050537109e+01	1.349356842041015625e+01	1.145060729980468750e+01	1.243962669372558594e+01
1.973318862915039062e+01	1.250412178039550781e+01	1.304622077941894531e+01	1.528367996215820312e+01	1.270651626586914062e+01	1.351956367492675781e+01
1.982613945007324219e+01	1.394445800781250000e+01	1.400437259674072266e+01	1.469572162628173828e+01	1.194034099578857422e+01	1.219820594787597656e+01
1.959154510498046875e+01	1.246180057525634766e+01	1.276663303375244141e+01	1.457889270782470703e+01	1.250006103515625000e+01	1.306248092651367188e+01
1.953964614868164062e+01	1.334608554840087891e+01	1.386420726776123047e+01	1.430179977416992188e+01	1.257608222961425781e+01	1.253209114074707031e+01
1.948708724975585938e+01	1.193249797821044922e+01	1.222214698791503906e+01	1.535377120971679688e+01	1.141659641265869141e+01	1.266713523864746094e+01
1.968027114868164062e+01	1.338178157806396484e+01	1.402954673767089844e+01	1.520657825469970703e+01	1.310109329223632812e+01	1.304117298126220703e+01
2.188111495971679688e+01	1.435551834106445312e+01	1.463015556335449219e+01	1.495085048675537109e+01	1.204329299926757812e+01	1.384665679931640625e+01
1.921053314208984375e+01	1.140466690063476562e+01	1.290997123718261719e+01	1.440713500976562500e+01	1.312282943725585938e+01	1.196059417724609375e+01
1.957822608947753906e+01	1.237368488311767578e+01	1.280669212341308594e+01	1.417080307006835938e+01	1.266713428497314453e+01	1.253696346282958984e+01
1.951605415344238281e+01	1.168449497222900391e+01	1.241366195678710938e+01	1.396393680572509766e+01	1.189812374114990234e+01	1.301877975463867188e+01
2.002330970764160156e+01	1.236352825164794922e+01	1.286797523498535156e+01	1.422076892852783203e+01	1.183544826507568359e+01	1.357511329650878906e+01
1.945791625976562500e+01	1.340825366973876953e+01	1.314997291564941406e+01	1.462588119506835938e+01	1.272714042663574219e+01	1.178505229949951172e+01
1.991365623474121094e+01	1.252328109741210938e+01	1.294163513183593750e+01	1.488033008575439453e+01	1.286729812622070312e+01	1.328826618194580078e+01
1.923658943176269531e+01	1.176829528808593750e+01	1.223472690582275391e+01	1.573452281951904297e+01	1.238222980499267578e+01	1.173817253112792969e+01
2.012797546386718750e+01	1.233673858642578125e+01	1.303764820098876953e+01	1.602106857299804688e+01	1.162877845764160156e+01	1.290803432464599609e+01
5.987074661254882812e+01	1.413178443908691406e+00	4.762773895263671875e+01	1.240234680175781250e+02	2.336434478759765625e+02	0.000000000000000000e+00
2.015644836425781250e+02	2.992603149414062500e+02	1.222305450439453125e+02	1.621366882324218750e+02	8.361701965332031250e+01	1.805388793945312500e+02
5.699268341064453125e+01	1.025042152404785156e+01	2.092597770690917969e+01	7.109407043457031250e+01	1.153264694213867188e+02	9.310385704040527344e+00
8.155947875976562500e+01	4.902699279785156250e+01	7.453356933593750000e+01	2.102590560913085938e+01	3.104638290405273438e+01	4.218146514892578125e+01
8.570796203613281250e+01	7.369083404541015625e+01	7.927168273925781250e+01	1.757427062988281250e+02	2.250558471679687500e+01	9.802198028564453125e+01
1.289989776611328125e+02	1.167774047851562500e+02	4.131509780883789062e+01	1.023802566528320312e+02	9.042510223388671875e+01	6.778958129882812500e+01
2.345036621093750000e+02	1.653305358886718750e+02	2.087380828857421875e+02	1.332442321777343750e+02	1.769514007568359375e+02	1.817136383056640625e+01
6.176601791381835938e+01	9.139768600463867188e+00	4.681377410888671875e+01	8.402755737304687500e+01	1.277445755004882812e+02	3.647577667236328125e+01
1.555872039794921875e+02	1.823401184082031250e+02	1.862213592529296875e+02	2.867300415039062500e+02	2.364802360534667969e+01	2.030681762695312500e+02
6.911579895019531250e+01	7.130075454711914062e+00	5.527538681030273438e+01	1.408355865478515625e+02	1.798013458251953125e+02	1.381428527832031250e+01
2.556946716308593750e+02	3.070845031738281250e+01	8.602886962890625000e+01	7.274159240722656250e+01	1.068800735473632812e+02	2.325010070800781250e+02
1.222813873291015625e+02	0.000000000000000000e+00	2.360752563476562500e+02	2.127856903076171875e+02	0.000000000000000000e+00	0.000000000000000000e+00
1.187350616455078125e+02	1.290642356872558594e+01	1.977401275634765625e+02	1.908266754150390625e+02	8.815548706054687500e+01	4.006166458129882812e-01
1.080948333740234375e+02	1.680961456298828125e+02	9.141090393066406250e+01	1.467708435058593750e+02	1.107267608642578125e+02	1.171701965332031250e+02
1.271008911132812500e+02	4.204829788208007812e+01	1.100748291015625000e+02	4.349597167968750000e+01	3.222588348388671875e+01	8.756745910644531250e+01
6.624396514892578125e+01	3.938568115234375000e+01	2.518813705444335938e+01	5.207826995849609375e+01	1.294226264953613281e+01	6.265521621704101562e+01
9.829280090332031250e+01	1.678725433349609375e+02	5.970694732666015625e+01	1.530421905517578125e+02	6.843123626708984375e+01	1.827346496582031250e+02
4.936504745483398438e+01	1.331778335571289062e+01	2.583457183837890625e+01	3.431026458740234375e+01	5.585182189941406250e+00	6.604049205780029297e+00
8.126245117187500000e+01	0.000000000000000000e+00	5.444186782836914062e+01	2.228597259521484375e+01	5.734294509887695312e+01	6.136302185058593750e+01
2.104795989990234375e+02	1.703376159667968750e+02	1.107236785888671875e+02	1.913610076904296875e+02	1.019056320190429688e+02	1.227268142700195312e+02
9.709114074707031250e+01	2.600573348999023438e+01	6.571508789062500000e+01	8.848130035400390625e+01	7.329695892333984375e+01	1.155272388458251953e+01
3.237205505371093750e+01	1.733149337768554688e+01	1.793812370300292969e+01	3.237142181396484375e+01	2.972047424316406250e+01	1.443232440948486328e+01
4.589758682250976562e+01	1.443699264526367188e+01	4.809522628784179688e+01	6.542408752441406250e+01	7.354716491699218750e+01	3.384823799133300781e+00
2.642790527343750000e+02	1.071668853759765625e+02	9.861770629882812500e+01	9.183624267578125000e+01	5.514209747314453125e+01	2.873183288574218750e+02
1.542563171386718750e+02	1.266673736572265625e+02	1.141315155029296875e+02	4.366809844970703125e+01	5.079403686523437500e+01	1.005123596191406250e+02
2.446788940429687500e+02	2.297407989501953125e+02	1.770605621337890625e+02	1.949087715148925781e+01	7.935884094238281250e+01	5.610323333740234375e+01
2.742612304687500000e+02	8.600587844848632812e+00	3.138843383789062500e+02	1.702406616210937500e+02	3.956655120849609375e+01	1.281882629394531250e+02
9.901741027832031250e+01	1.608377265930175781e+01	1.029592323303222656e+01	2.597301864624023438e+01	3.266071701049804688e+01	4.783104705810546875e+01
9.430186462402343750e+01	9.655653381347656250e+01	3.869242095947265625e+01	1.122901763916015625e+02	8.092170715332031250e+01	1.153947525024414062e+02
2.669953308105468750e+02	0.000000000000000000e+00	1.708491821289062500e+02	3.416772842407226562e+01	6.183747100830078125e+01	1.529576721191406250e+02
8.568365478515625000e+01	3.967361450195312500e+01	6.604396057128906250e+01	3.918926239013671875e+01	6.623885345458984375e+01	6.014811706542968750e+01
6.784657287597656250e+01	3.542656707763671875e+01	9.785917663574218750e+01	6.545096588134765625e+01	1.449660110473632812e+01	9.599549293518066406e+00
1.095037231445312500e+02	9.039585876464843750e+01	1.863758659362792969e+01	5.021255493164062500e+01	1.887850189208984375e+01	4.149505996704101562e+01
3.602906494140625000e+02	2.981836509704589844e+01	2.324296264648437500e+02	0.000000000000000000e+00	1.016490325927734375e+02	3.322083129882812500e+02
5.384054946899414062e+01	4.153747558593750000e+01	2.472022628784179688e+01	5.833466339111328125e+01	2.156301879882812500e+01	3.044760513305664062e+01
1.262110900878906250e+02	3.178847312927246094e+01	0.000000000000000000e+00	1.881508178710937500e+02	2.465117034912109375e+02	2.184356307983398438e+01
2.810549011230468750e+02	2.204088401794433594e+01	2.253573150634765625e+02	7.500658416748046875e+01	7.226537322998046875e+01	1.441271667480468750e+02
2.031848907470703125e+02	2.002947387695312500e+02	1.853781890869140625e+02	7.689290618896484375e+01	1.585608825683593750e+02	9.768776702880859375e+01
9.022021484375000000e+01	2.094960594177246094e+01	5.579015350341796875e+01	5.885437774658203125e+01	2.159117317199707031e+01	3.270049667358398438e+01
2.457716217041015625e+02	2.186126403808593750e+02	0.000000000000000000e+00	1.998372039794921875e+02	0.000000000000000000e+00	1.496161804199218750e+02
6.624198150634765625e+01	0.000000000000000000e+00	1.360364074707031250e+02	1.316650238037109375e+02	0.000000000000000000e+00	0.000000000000000000e+00
2.233079681396484375e+02	1.171821441650390625e+02	0.000000000000000000e+00	8.358435821533203125e+01	4.939432144165039062e-01	0.000000000000000000e+00
2.154839782714843750e+02	0.000000000000000000e+00	1.161192169189453125e+02	2.236613273620605469e+00	5.441693496704101562e+01	1.509157714843750000e+02
1.534004974365234375e+02	1.065561599731445312e+02	6.992098999023437500e+01	5.603356933593750000e+01	4.641008758544921875e+01	1.251742553710937500e+02
1.213668212890625000e+02	2.849108695983886719e+01	0.000000000000000000e+00	3.653191375732421875e+01	0.000000000000000000e+00	0.000000000000000000e+00
1.652599487304687500e+02	9.406187438964843750e+01	1.845590820312500000e+02	1.684842681884765625e+02	3.123783111572265625e+01	1.422271118164062500e+02
1.033513031005859375e+02	1.105075836181640625e+02	9.551570129394531250e+01	7.037996673583984375e+01	3.353575515747070312e+01	5.870124435424804688e+01
1.998364868164062500e+02	2.791858825683593750e+02	2.015270233154296875e+02	1.379557342529296875e+02	1.184651412963867188e+02	1.084467391967773438e+02
1.192013397216796875e+02	1.437922286987304688e+01	0.000000000000000000e+00	2.915510177612304688e+01	0.000000000000000000e+00	0.000000000000000000e+00
1.483711090087890625e+02	9.356391143798828125e+01	5.313064193725585938e+01	2.194981002807617188e+01	3.191398239135742188e+01	5.562981796264648438e+01
2.492612457275390625e+02	2.530015563964843750e+02	1.693511352539062500e+02	9.374945831298828125e+01	1.451483917236328125e+02	1.027726669311523438e+02
1.140278015136718750e+02	1.796352996826171875e+02	5.699757003784179688e+01	2.094661560058593750e+02	1.273761901855468750e+02	1.913609924316406250e+02
1.830321655273437500e+02	8.956561088562011719e+00	4.466719055175781250e+01	7.152960205078125000e+01	6.277288818359375000e+01	7.223008728027343750e+01
2.096116790771484375e+02	0.000000000000000000e+00	1.546710968017578125e+02	1.492443084716796875e+00	4.469300460815429688e+01	1.468685913085937500e+02
1.834192810058593750e+02	2.589525146484375000e+02	7.052357482910156250e+01	3.869313354492187500e+02	6.393662452697753906e+00	2.997261047363281250e+02
8.467868041992187500e+01	8.802930831909179688e+00	5.002423858642578125e+01	2.828336143493652344e+01	2.507189559936523438e+01	3.646925354003906250e+01
7.589461517333984375e+01	2.167744445800781250e+01	6.100124740600585938e+01	1.027998123168945312e+02	1.101455612182617188e+02	0.000000000000000000e+00
1.486143493652343750e+02	1.675287170410156250e+02	9.512438964843750000e+01	2.432480049133300781e+01	4.982765960693359375e+01	2.087178802490234375e+01
7.327568054199218750e+01	1.236241378784179688e+02	5.322217941284179688e+00	1.356998596191406250e+02	2.601448822021484375e+01	1.418714904785156250e+02
1.092321166992187500e+02	1.652706451416015625e+02	1.001471099853515625e+02	1.003249893188476562e+02	4.609192657470703125e+01	1.034736785888671875e+02
4.419757080078125000e+01	1.429548549652099609e+01	3.005568885803222656e+01	1.825464057922363281e+01	3.393672561645507812e+01	3.222563171386718750e+01
3.107133178710937500e+02	4.777233886718750000e+01	1.563996276855468750e+02	9.858998870849609375e+01	1.649400939941406250e+02	3.565342712402343750e+02
1.818284759521484375e+02	1.494984893798828125e+02	6.215972900390625000e+01	6.930889892578125000e+01	5.278844833374023438e+01	9.480130004882812500e+01
1.723599243164062500e+02	2.162736816406250000e+02	1.635443267822265625e+02	2.499838714599609375e+02	3.485591888427734375e+01	1.906560058593750000e+02
1.034143371582031250e+02	2.334433593750000000e+02	6.929544830322265625e+01	2.769993286132812500e+02	6.130613708496093750e+01	2.735221557617187500e+02
8.815083312988281250e+01	4.262908172607421875e+01	4.208152008056640625e+01	5.518115234375000000e+01	2.716523742675781250e+01	0.000000000000000000e+00
1.069171905517578125e+02	3.647359848022460938e+01	2.393153381347656250e+01	2.383833122253417969e+01	1.040081024169921875e+01	2.036828422546386719e+01
6.148192977905273438e+01	6.844873046875000000e+01	3.527531433105468750e+01	1.239281845092773438e+02	6.463091278076171875e+01	8.351233673095703125e+01
9.153280639648437500e+01	1.205250091552734375e+02	7.938896179199218750e+01	5.642773437500000000e+01	6.147351074218750000e+01	6.550019073486328125e+01
5.373645401000976562e+01	5.391343593597412109e+00	4.857532882690429688e+01	2.506841659545898438e+01	1.779872703552246094e+01	3.086062240600585938e+01
1.666153106689453125e+02	8.069374847412109375e+01	0.000000000000000000e+00	5.399453735351562500e+01	0.000000000000000000e+00	0.000000000000000000e+00
3.754956436157226562e+01	2.156084442138671875e+01	3.590213775634765625e+01	3.172698783874511719e+01	1.131617736816406250e+01	1.691300964355468750e+01
1.356809082031250000e+02	1.523194789886474609e+01	0.000000000000000000e+00	8.525745391845703125e+01	1.283724822998046875e+02	5.512620925903320312e+00
1.554774017333984375e+02	1.756206817626953125e+02	1.837601470947265625e+02	6.144202423095703125e+01	5.775843048095703125e+01	3.565107727050781250e+01
1.532970581054687500e+02	6.017218780517578125e+01	6.886721801757812500e+01	1.559001464843750000e+02	1.019526290893554688e+02	1.414234313964843750e+02
4.204574890136718750e+02	3.649714050292968750e+02	1.496271514892578125e+02	7.291357421875000000e+01	6.811801910400390625e+01	0.000000000000000000e+00
5.297725296020507812e+01	6.206048583984375000e+01	4.534183883666992188e+01	2.657262611389160156e+01	3.704904937744140625e+01	2.255200958251953125e+01
5.811853408813476562e+01	1.061251831054687500e+02	1.731525039672851562e+01	1.216601638793945312e+02	3.760741424560546875e+01	1.186907119750976562e+02
4.814047622680664062e+01	9.462390136718750000e+01	2.495578384399414062e+01	1.193776397705078125e+02	4.595571136474609375e+01	1.140806579589843750e+02
8.527301025390625000e+01	8.382851409912109375e+01	7.423268127441406250e+01	2.912978553771972656e+01	3.657536697387695312e+01	1.395283031463623047e+01
1.672919769287109375e+02	1.166002120971679688e+02	1.004250144958496094e+01	4.834708404541015625e+01	3.293642807006835938e+01	5.439470291137695312e+00
2.128795471191406250e+02	1.462797088623046875e+02	2.108401184082031250e+02	7.180219268798828125e+01	1.358778533935546875e+02	6.337091827392578125e+01
2.185195007324218750e+02	0.000000000000000000e+00	1.339544677734375000e+02	3.585423278808593750e+01	1.719243621826171875e+02	1.754196472167968750e+02
1.900930213928222656e+01	0.000000000000000000e+00	4.744087982177734375e+01	6.971218109130859375e+01	0.000000000000000000e+00	2.817137718200683594e+00
1.261010742187500000e+01	6.779998302459716797e+00	1.228262138366699219e+01	5.182954788208007812e+00	5.284430027008056641e+00	7.952007293701171875e+00
0.000000000000000000e+00	0.000000000000000000e+00	0.000000000000000000e+00	0.000000000000000000e+00	4.122387886047363281e+00	2.013128280639648438e+01
1.344876289367675781e+01	2.571286201477050781e+00	8.989620208740234375e+00	1.474027633666992188e+00	9.742515563964843750e+00	0.000000000000000000e+00
0.000000000000000000e+00	1.378451728820800781e+01	2.346258163452148438e+00	1.032922554016113281e+01	0.000000000000000000e+00	0.000000000000000000e+00
0.000000000000000000e+00	0.000000000000000000e+00	0.000000000000000000e+00	0.000000000000000000e+00	0.000000000000000000e+00	1.410519599914550781e+01
0.000000000000000000e+00	0.000000000000000000e+00	0.000000000000000000e+00	0.000000000000000000e+00	0.000000000000000000e+00	0.000000000000000000e+00
0.000000000000000000e+00	0.000000000000000000e+00	6.386838912963867188e+00	7.598006248474121094e+00	6.936072826385498047e+00	1.401115417480468750e+01
0.000000000000000000e+00	1.237914562225341797e+01	0.000000000000000000e+00	1.502129364013671875e+01	5.533733367919921875e-01	0.000000000000000000e+00
0.000000000000000000e+00	0.000000000000000000e+00	0.000000000000000000e+00	0.000000000000000000e+00	4.725199699401855469e+00	1.516895198822021484e+01
0.000000000000000000e+00	0.000000000000000000e+00	0.000000000000000000e+00	0.000000000000000000e+00	0.000000000000000000e+00	0.000000000000000000e+00
0.000000000000000000e+00	1.983572006225585938e+01	0.000000000000000000e+00	1.679762268066406250e+01	3.001937866210937500e+00	0.000000000000000000e+00
0.000000000000000000e+00	0.000000000000000000e+00	0.000000000000000000e+00	1.539797782897949219e+01	1.129597663879394531e+00	0.000000000000000000e+00
3.375377655029296875e-01	0.000000000000000000e+00	0.000000000000000000e+00	1.203042316436767578e+01	2.931672096252441406e+00	1.014220905303955078e+01
0.000000000000000000e+00	3.523280620574951172e+00	7.481193542480468750e+00	0.000000000000000000e+00	1.154106330871582031e+01	2.715293884277343750e+00
3.462245941162109375e+00	4.774905204772949219e+00	1.273793220520019531e+01	4.540143013000488281e+00	9.008180618286132812e+00	5.765705108642578125e-01
7.941653251647949219e+00	2.136259078979492188e-01	2.391063690185546875e+00	9.247183799743652344e+00	8.410324096679687500e+00	9.670023918151855469e+00
0.000000000000000000e+00	1.695760154724121094e+01	0.000000000000000000e+00	0.000000000000000000e+00	1.556513881683349609e+01	1.660648727416992188e+01
6.941273689270019531e+00	0.000000000000000000e+00	1.447034835815429688e+00	5.449445724487304688e+00	5.992362499237060547e+00	1.474170684814453125e+00
0.000000000000000000e+00	0.000000000000000000e+00	0.000000000000000000e+00	0.000000000000000000e+00	0.000000000000000000e+00	0.000000000000000000e+00
0.000000000000000000e+00	2.874037265777587891e+00	0.000000000000000000e+00	0.000000000000000000e+00	3.983917713165283203e+00	0.000000000000000000e+00
7.887815475463867188e+00	1.127840995788574219e+01	1.097543144226074219e+01	9.612914085388183594e+00	7.918378829956054688e+00	1.175856399536132812e+01
0.000000000000000000e+00	0.000000000000000000e+00	0.000000000000000000e+00	1.406313514709472656e+01	3.680343627929687500e-01	3.031293869018554688e+00
3.220252990722656250e+00	0.000000000000000000e+00	8.888742446899414062e+00	0.000000000000000000e+00	0.000000000000000000e+00	0.000000000000000000e+00
1.152206420898437500e+00	1.142729568481445312e+01	0.000000000000000000e+00	0.000000000000000000e+00	1.354909515380859375e+01	3.665013790130615234e+00
7.971191406250000000e-02	5.460332393646240234e+00	1.813529014587402344e+01	5.459461212158203125e-01	7.011866569519042969e+00	1.139631080627441406e+01
0.000000000000000000e+00	0.000000000000000000e+00	4.800624847412109375e+00	4.252672195434570312e-01	5.713933467864990234e+00	0.000000000000000000e+00
5.130049705505371094e+00	0.000000000000000000e+00	6.323794364929199219e+00	3.419919013977050781e+00	1.480890274047851562e+00	6.372549533843994141e+00
1.025806427001953125e+01	0.000000000000000000e+00	5.671688556671142578e+00	3.120508193969726562e+00	5.999659061431884766e+00	8.885316848754882812e-01
0.000000000000000000e+00	0.000000000000000000e+00	0.000000000000000000e+00	0.000000000000000000e+00	0.000000000000000000e+00	0.000000000000000000e+00
6.590146064758300781e+00	0.000000000000000000e+00	1.221170139312744141e+01	0.000000000000000000e+00	9.797845840454101562e+00	0.000000000000000000e+00
3.394939422607421875e+00	1.476979255676269531e+01	8.118596076965332031e+00	1.072772407531738281e+01	1.064191818237304688e+01	7.471996307373046875e+00
7.682590484619140625e+00	9.032142639160156250e+00	1.459473133087158203e+01	0.000000000000000000e+00	0.000000000000000000e+00	1.115842628479003906e+01
0.000000000000000000e+00	0.000000000000000000e+00	7.983956336975097656e+00	0.000000000000000000e+00	5.388326168060302734e+00	0.000000000000000000e+00
0.000000000000000000e+00	7.619831085205078125e+00	6.914020061492919922e+00	8.981009483337402344e+00	8.884103775024414062e+00	9.052549362182617188e+00
0.000000000000000000e+00	0.000000000000000000e+00	0.000000000000000000e+00	4.326448440551757812e+00	0.000000000000000000e+00	8.395824432373046875e+00
0.000000000000000000e+00	0.000000000000000000e+00	0.000000000000000000e+00	0.000000000000000000e+00	0.000000000000000000e+00	0.000000000000000000e+00
5.472183227539062500e-01	0.000000000000000000e+00	2.038449287414550781e+00	5.169689655303955078e+00	7.339853286743164062e+00	3.369369029998779297e+00
0.000000000000000000e+00	0.000000000000000000e+00	1.155407142639160156e+01	0.000000000000000000e+00	0.000000000000000000e+00	1.842916488647460938e+00
8.596036911010742188e+00	1.551555061340332031e+01	2.259699821472167969e+00	0.000000000000000000e+00	0.000000000000000000e+00	1.502286148071289062e+01
0.000000000000000000e+00	2.225025177001953125e+01	0.000000000000000000e+00	0.000000000000000000e+00	1.163584899902343750e+01	0.000000000000000000e+00
5.582002639770507812e+00	1.683013153076171875e+01	3.408709526062011719e+00	0.000000000000000000e+00	0.000000000000000000e+00	1.294487380981445312e+01
0.000000000000000000e+00	0.000000000000000000e+00	1.024716377258300781e+01	0.000000000000000000e+00	3.166754245758056641e+00	0.000000000000000000e+00
1.294095420837402344e+01	4.596444606781005859e+00	9.447319030761718750e+00	0.000000000000000000e+00	0.000000000000000000e+00	1.843265533447265625e+00
0.000000000000000000e+00	1.911934089660644531e+01	0.000000000000000000e+00	0.000000000000000000e+00	0.000000000000000000e+00	1.386517715454101562e+01
0.000000000000000000e+00	4.530089855194091797e+00	0.000000000000000000e+00	8.912735939025878906e+00	3.943824768066406250e+00	0.000000000000000000e+00
0.000000000000000000e+00	1.124380397796630859e+01	5.255352020263671875e+00	3.253152847290039062e+00	1.224013996124267578e+01	1.671516418457031250e+00
0.000000000000000000e+00	9.471806526184082031e+00	2.983180999755859375e+00	3.164837837219238281e+00	8.035758972167968750e+00	5.560735225677490234e+00
0.000000000000000000e+00	1.530779838562011719e+01	1.445162582397460938e+01	0.000000000000000000e+00	0.000000000000000000e+00	2.314403533935546875e+01
1.018066501617431641e+01	1.360292434692382812e-01	7.563543796539306641e+00	0.000000000000000000e+00	0.000000000000000000e+00	0.000000000000000000e+00
0.000000000000000000e+00	0.000000000000000000e+00	0.000000000000000000e+00	0.000000000000000000e+00	0.000000000000000000e+00	0.000000000000000000e+00
0.000000000000000000e+00	0.000000000000000000e+00	0.000000000000000000e+00	6.452481269836425781e+00	6.716331481933593750e+00	1.300738716125488281e+01
0.000000000000000000e+00	4.288662910461425781e+00	0.000000000000000000e+00	0.000000000000000000e+00	0.000000000000000000e+00	0.000000000000000000e+00
0.000000000000000000e+00	0.000000000000000000e+00	0.000000000000000000e+00	0.000000000000000000e+00	6.283421993255615234e+00	0.000000000000000000e+00
0.000000000000000000e+00	2.181115341186523438e+01	0.000000000000000000e+00	6.149705886840820312e+00	0.000000000000000000e+00	0.000000000000000000e+00
0.000000000000000000e+00	1.489726638793945312e+01	0.000000000000000000e+00	0.000000000000000000e+00	1.759942626953125000e+01	1.308495807647705078e+01
0.000000000000000000e+00	0.000000000000000000e+00	0.000000000000000000e+00	1.034027862548828125e+01	0.000000000000000000e+00	5.538845062255859375e-02
9.774717330932617188e+00	1.246448230743408203e+01	1.173285770416259766e+01	2.342093467712402344e+00	0.000000000000000000e+00	1.350100231170654297e+01
1.192142486572265625e+00	5.444831848144531250e+00	1.420282649993896484e+01	5.857481956481933594e+00	9.278225898742675781e+00	1.113853931427001953e+01
6.828523635864257812e+00	1.572994613647460938e+01	0.000000000000000000e+00	0.000000000000000000e+00	1.325752258300781250e+01	1.123861312866210938e+01
3.727266311645507812e+00	6.655514240264892578e+00	0.000000000000000000e+00	0.000000000000000000e+00	1.468259239196777344e+01	7.352249145507812500e+00
0.000000000000000000e+00	0.000000000000000000e+00	0.000000000000000000e+00	0.000000000000000000e+00	0.000000000000000000e+00	0.000000000000000000e+00
8.936668395996093750e+00	1.089246749877929688e+01	0.000000000000000000e+00	0.000000000000000000e+00	7.529678344726562500e-01	8.743593215942382812e+00
0.000000000000000000e+00	1.613708305358886719e+01	3.556430816650390625e+00	6.903288841247558594e+00	1.503735542297363281e+00	1.751987457275390625e+00
0.000000000000000000e+00	1.873344230651855469e+01	0.000000000000000000e+00	0.000000000000000000e+00	1.781861114501953125e+01	1.154652786254882812e+01
0.000000000000000000e+00	1.538971805572509766e+01	0.000000000000000000e+00	0.000000000000000000e+00	0.000000000000000000e+00	1.551794815063476562e+01
1.256709098815917969e+01	8.918427467346191406e+00	1.058764648437500000e+01	6.022990226745605469e+00	1.564001083374023438e+00	9.473083496093750000e+00
8.886575698852539062e+00	6.118584156036376953e+00	5.494663238525390625e+00	9.760006904602050781e+00	3.154216289520263672e+00	1.053102779388427734e+01
8.656141281127929688e+00	9.273994445800781250e+00	0.000000000000000000e+00	0.000000000000000000e+00	1.353791713714599609e+01	9.047126770019531250e+00
2.691520690917968750e+00	4.966481208801269531e+00	8.918474197387695312e+00	2.299796104431152344e+00	9.581991195678710938e+00	0.000000000000000000e+00
5.624483108520507812e+00	1.218523693084716797e+01	4.338097095489501953e+00	0.000000000000000000e+00	0.000000000000000000e+00	1.550766372680664062e+01
1.354694938659667969e+01	1.153727626800537109e+01	1.265846824645996094e+01	1.314183521270751953e+01	1.204159641265869141e+01	1.157521247863769531e+01
0.000000000000000000e+00	0.000000000000000000e+00	0.000000000000000000e+00	2.434174537658691406e+00	0.000000000000000000e+00	6.082123756408691406e+00
0.000000000000000000e+00	1.127953720092773438e+01	6.219516754150390625e+00	1.358817958831787109e+01	7.424504280090332031e+00	0.000000000000000000e+00
0.000000000000000000e+00	0.000000000000000000e+00	2.234733581542968750e+00	0.000000000000000000e+00	0.000000000000000000e+00	0.000000000000000000e+00
0.000000000000000000e+00	2.049553680419921875e+01	0.000000000000000000e+00	0.000000000000000000e+00	0.000000000000000000e+00	9.478570938110351562e+00
0.000000000000000000e+00	8.851773262023925781e+00	4.390151214599609375e+01	5.184544563293457031e+00	2.430779647827148438e+01	2.603284263610839844e+01
6.247785568237304688e+00	4.988346099853515625e+00	3.434214591979980469e+00	7.503795146942138672e+00	2.870440483093261719e+00	1.026233863830566406e+01
8.411693572998046875e+00	1.302119445800781250e+01	0.000000000000000000e+00	0.000000000000000000e+00	1.289525890350341797e+01	1.356223201751708984e+01
5.657526969909667969e+00	1.158845043182373047e+01	0.000000000000000000e+00	0.000000000000000000e+00	6.997825622558593750e+00	1.258258152008056641e+01
4.753305435180664062e+00	1.398859310150146484e+01	9.160511016845703125e+00	0.000000000000000000e+00	0.000000000000000000e+00	1.443756484985351562e+01
0.000000000000000000e+00	0.000000000000000000e+00	0.000000000000000000e+00	0.000000000000000000e+00	1.602234840393066406e+00	0.000000000000000000e+00
0.000000000000000000e+00	0.000000000000000000e+00	4.921687126159667969e+00	0.000000000000000000e+00	4.890935897827148438e+00	0.000000000000000000e+00
8.165617942810058594e+00	1.382011032104492188e+01	6.227920532226562500e+00	1.567219734191894531e+01	9.609519004821777344e+00	3.308340549468994141e+00
