-5.058234260882587208e+00	-5.988071918487548828e+00
-7.124748207127705513e+00	-8.459473609924316406e+00
-3.480165624011091197e+00	-5.284623146057128906e+00
-6.070053469086936104e+00	-5.456348419189453125e+00
-3.052419371045720808e+00	-7.182856559753417969e+00
2.015432878341062661e+00	-5.893598556518554688e+00
-3.640948529905409181e+00	-3.677672863006591797e+00
2.065269184299567407e+00	-4.073554039001464844e+00
7.441626738649551598e-01	-4.102857589721679688e+00
5.463440179425766985e-01	-4.956033706665039062e+00
-3.477471497185266713e+00	-7.454622268676757812e+00
-9.548517920690436256e+00	-3.627422094345092773e+00
-9.098158960026841768e+00	-4.727587699890136719e+00
-9.255809091113802012e+00	-7.252813339233398438e+00
1.384946549146741646e-01	-6.940535545349121094e+00
-8.492840193257059411e+00	-4.537327766418457031e+00
-1.815286686533858074e+01	-4.502665519714355469e+00
8.291874837033823553e-01	-4.117942810058593750e+00
-4.743915815680789905e+00	-4.499007225036621094e+00
-7.045607216965212416e+00	-3.682539939880371094e+00
2.840712287688976545e+00	-3.394775390625000000e+00
-8.435878731581162526e+00	-4.922501564025878906e+00
-1.560557371124028592e+00	-4.993365287780761719e+00
2.462702560763627702e+00	-4.590290546417236328e+00
-5.409917153736190087e+00	-3.982290267944335938e+00
-2.405834149938439914e+00	-5.616971969604492188e+00
-2.004202241602135004e+00	-4.277137279510498047e+00
-2.986580746230034222e-01	-5.983641624450683594e+00
-1.857622479535904425e+00	-6.741668701171875000e+00
4.792784286865217069e-01	-3.356754779815673828e+00
-2.302978614769603638e+01	-5.074489116668701172e+00
-8.626963978103688646e+00	-4.638487339019775391e+00
3.584116278869515337e+00	-5.222138404846191406e+00
-7.010329672328552419e+00	-7.235836029052734375e+00
-1.356000459993098595e+00	-6.003963947296142578e+00
-6.751977786575595886e-01	-5.546572685241699219e+00
-6.378526599546283649e-01	-5.707434654235839844e+00
1.937996708673262347e+00	-6.924795150756835938e+00
2.730319150821358676e-01	-4.005151271820068359e+00
-2.962697090068096450e+00	-5.360362052917480469e+00
-9.570848147965005381e-02	-6.054530143737792969e+00
4.705675245710376764e-01	-4.953172683715820312e+00
1.308336358303308522e+00	-6.119980812072753906e+00
-1.160483456116688572e+00	-6.944630622863769531e+00
-4.321776902173766644e+00	-5.957173347473144531e+00
-1.080073811212217905e+00	-8.569680213928222656e+00
-2.653193856616550050e+00	-5.739207267761230469e+00
-8.993463116215105302e+00	-4.379884719848632812e+00
3.279093306286764431e+00	-5.058465003967285156e+00
6.081177763413916360e-01	-6.179716110229492188e+00
-1.693230150811046997e+01	-5.541694641113281250e+00
-7.920984095482110021e+00	-3.616722583770751953e+00
2.770626126748889639e+00	-3.866349697113037109e+00
-1.458200756899971751e+01	-5.121869087219238281e+00
1.727910820217067212e+00	-5.119637966156005859e+00
-2.196959240367990063e+00	-4.841531753540039062e+00
2.672190364452192934e+00	-7.469126701354980469e+00
-3.512455407956666775e+00	-4.971198081970214844e+00
-9.882864149075341942e+00	-5.772929668426513672e+00
3.836044050874597655e+00	-5.685742378234863281e+00
-2.145290193367923592e+01	-4.102234840393066406e+00
-8.429118909702358664e+00	-4.102667808532714844e+00
-8.545017383681527079e+00	-4.559226036071777344e+00
2.343892665465414638e-01	-5.656198501586914062e+00
-1.654165969933871772e+00	-5.296909332275390625e+00
-3.592406632403383426e+00	-2.640348911285400391e+00
3.944358868973023569e-01	-9.376741409301757812e+00
-9.371191742486290721e+00	-7.938458442687988281e+00
-1.128991874073115298e+01	-4.686679840087890625e+00
-1.066842734779973156e+00	-3.977696895599365234e+00
-5.750590866871103657e-01	-5.213477134704589844e+00
-1.476225697519060631e+01	-5.311162948608398438e+00
-1.081649862199890677e+00	-5.259141445159912109e+00
-1.469940304223625915e+01	-4.684390544891357422e+00
1.172279288801681307e+00	-5.225883483886718750e+00
-6.257015576225869680e+00	-3.462564468383789062e+00
-1.140742832123528672e+00	-3.314896106719970703e+00
-4.541593544643848901e+00	-3.350409984588623047e+00
-5.076256048201141624e+00	-4.345270156860351562e+00
2.022765123371525586e+00	-5.758822441101074219e+00
-6.250347616617716540e+00	-4.184324264526367188e+00
-4.421934022512152396e+00	-4.726666450500488281e+00
3.312564468084779001e+00	-4.151919841766357422e+00
-1.523775777549625232e+01	-3.400887727737426758e+00
1.596785281685296098e+00	-3.094729900360107422e+00
-8.690708946986573480e+00	-2.679534196853637695e+00
-3.515040883920827142e+00	-9.522297859191894531e+00
2.538775087480758863e+00	-3.650416851043701172e+00
-2.426987611043621484e+00	-4.451229572296142578e+00
-1.089745072678434923e+01	-7.458629608154296875e+00
-9.833603481742514418e-02	-3.062335729598999023e+00
-2.964750524824116162e+00	-7.470720291137695312e+00
-1.107088928154171548e+01	-5.774386405944824219e+00
7.984024606580089056e-01	-3.694358587265014648e+00
-3.680316688879771370e+00	-2.622133255004882812e+00
-4.278357241263829991e+00	-6.824425697326660156e+00
-7.792281101261332665e+00	-6.345164775848388672e-01
-1.221481544391345153e-01	3.103444814682006836e+00
-5.587162239489652293e+00	-4.501483440399169922e+00
5.005313884510900202e-01	-5.807444572448730469e+00
-6.652548017673730385e+00	-7.154140472412109375e+00
-5.192267759245021708e+00	-3.622102260589599609e+00
-3.407981255863973047e+00	2.789711713790893555e+00
5.526917023130994977e-01	-1.840692639350891113e+00
-4.388171294061216088e-03	-3.238517761230468750e+00
2.957246023671149082e+00	-8.607420921325683594e+00
2.752073562254981010e+00	-5.811901092529296875e+00
-8.928871039770726270e+00	-7.313640594482421875e+00
-3.183930111507406124e+00	-4.827207565307617188e+00
-5.564583736441504058e-01	-2.112490653991699219e+00
-8.159204477839320901e+00	-6.937561988830566406e+00
-1.502830237416397452e+01	-1.297661066055297852e+00
-3.961118384099591161e+00	2.386947870254516602e+00
-7.986825818467050198e+00	-7.621330261230468750e+00
-4.589834199096880951e+00	-3.313770055770874023e+00
6.476618493151691247e-01	-2.604665040969848633e+00
3.854762147013392148e+00	-4.675219535827636719e+00
-2.846153446907184303e+00	-4.136267662048339844e+00
-1.289549755309344192e+01	-5.725199699401855469e+00
-1.540682525546921866e+00	-1.261969804763793945e+00
8.494201017064608727e-01	-6.355224609375000000e+00
1.762014141767977105e+00	-4.115540981292724609e+00
-1.173666951774290546e+01	-2.727667808532714844e+00
-3.074795174084172800e-01	-2.464560747146606445e+00
1.390687831306014921e+00	-4.319496154785156250e+00
-1.133713061702362879e+01	-5.593707084655761719e+00
2.508893972115604942e+00	-1.100187873840332031e+01
1.174403916344315846e+00	-4.772532463073730469e+00
-6.096430113907262083e+00	-3.326140642166137695e+00
-2.571737060447217615e+00	-8.630989074707031250e+00
2.831022475332876098e-01	-5.142788887023925781e+00
1.414864945563397480e+00	-2.007453441619873047e-01
1.714319800695713880e+00	-6.192131042480468750e+00
-6.555578168137943251e-01	-2.743448734283447266e+00
3.688360043327091553e+00	-2.816338062286376953e+00
-6.413813474115123370e+00	1.565056800842285156e+00
-5.749072416427326360e+00	-2.969756126403808594e+00
-4.307988031091365855e+00	-2.576060533523559570e+00
-5.759322567409157045e+00	-1.884814977645874023e+00
-1.206805915379308658e+01	-8.292243003845214844e+00
3.129478135587896226e+00	4.807994365692138672e-01
-7.473304980285627508e+00	-5.851986885070800781e+00
-1.074113784805576088e+01	-6.506963729858398438e+00
-3.636619400233064070e+00	-6.491557121276855469e+00
1.372398889107521391e+00	-2.728851318359375000e+00
-1.803700170663526947e+01	-2.341444969177246094e+00
-5.911248778355369993e+00	-4.674569129943847656e+00
-2.845385216068234691e+00	-6.151605606079101562e+00
-5.387440043207607943e+00	1.343762159347534180e+00
-4.049332373003062813e-01	-4.022917747497558594e+00
3.794149086894455181e+00	-3.933403968811035156e+00
2.449441144585619234e+00	-5.994988441467285156e+00
3.400748643684717187e+00	-1.845891237258911133e+00
-9.101729339695090459e-01	-5.342038631439208984e+00
-2.880342131526687055e+00	-4.124870300292968750e+00
-2.358314766657082373e+01	-2.043689489364624023e+00
-5.437979011425930764e-02	-4.700818538665771484e+00
-4.712082430676556299e-02	-5.256954193115234375e+00
-6.645663947938388105e+00	-5.810735225677490234e+00
3.927716282000598191e+00	-2.935497760772705078e+00
2.300391494120998637e+00	-3.576375246047973633e+00
-1.003977617352002838e+01	-2.498641967773437500e+00
-4.310537303734946590e+00	-5.407091140747070312e+00
-3.278482022844329435e+00	-1.611924171447753906e-01
-1.311084436096025208e+00	-6.743617057800292969e+00
-1.398901486907766412e+01	-1.923368215560913086e+00
3.243033353474268576e+00	-3.412963867187500000e+00
8.173716540955493493e-01	4.196119308471679688e-01
-1.032523035568650016e+01	-7.051407814025878906e+00
-1.100972180213635632e+00	-1.644422769546508789e+00
-9.077128031082237314e+00	-7.723292350769042969e+00
2.409394503211690353e+00	-5.344571590423583984e+00
2.914213998883679935e+00	-2.819053888320922852e+00
-1.232684086638231591e+01	-4.284479141235351562e+00
1.819837550292274564e+00	-7.460539817810058594e+00
1.846853289872069759e+00	-1.873508095741271973e+00
-6.304645371059654835e+00	-5.465675354003906250e+00
-9.766527390698769295e-01	-6.739661216735839844e+00
-3.531445401676539753e+00	-4.343196392059326172e+00
2.552624179685847317e+00	-1.963853120803833008e+00
-8.162958055322386386e+00	-4.736646652221679688e+00
-1.070551900820130520e+00	-6.392117500305175781e+00
-8.038523318045516675e+00	-3.240479469299316406e+00
-5.660907334147324832e-02	-5.036942481994628906e+00
1.059346479574081901e+00	-5.100689411163330078e+00
-1.004496024282002686e+00	-2.310101985931396484e+00
2.732554452908795728e+00	-2.590178012847900391e+00
1.223016337087414307e+00	-2.789353609085083008e+00
1.682229494578559859e+00	-2.499582052230834961e+00
2.842999279390685530e-01	-4.602151870727539062e+00
-9.982742372922480456e+00	-1.022223472595214844e+01
-4.859454394389072007e+00	-1.084897136688232422e+01
3.202692161401376580e+00	-4.001179218292236328e+00
3.125994405005179999e+00	-2.544443607330322266e-01
-7.926350339161739811e+00	-3.844605922698974609e+00
1.112077442745727396e+00	-4.563205718994140625e+00
-5.402372061633192502e+00	-4.914560317993164062e+00
2.298512893563950055e+00	-1.179933834075927734e+01
-1.245524316521108510e+00	-2.496042251586914062e+00
3.471723334862835131e-01	-5.490217208862304688e+00
-3.663217045501664160e+00	-3.969962835311889648e+00
-1.015000205732200023e+01	-5.835675716400146484e+00
-9.013958076537971209e+00	-2.269014596939086914e+00
-8.689409663680637053e+00	9.289813041687011719e-01
2.086327120821174219e+00	-5.053946971893310547e+00
-4.200500633814526097e+00	-4.399232864379882812e-01
3.414765895275932550e+00	-4.637265205383300781e-01
3.380513728652739580e+00	-1.441432118415832520e+00
-1.772779559925292503e+01	2.266522645950317383e+00
-5.879857329836493562e+00	3.130168914794921875e-01
-8.846415442014361474e-01	-4.342013359069824219e+00
-2.778356075695985083e+00	-1.377538204193115234e+01
-1.368309594286238884e+00	-4.989019393920898438e+00
-1.509579004307836314e+00	-1.566305756568908691e+00
-3.706775277897465415e+00	-2.693681001663208008e+00
-3.898142446341513967e+00	-6.382302284240722656e+00
-7.660085386793175743e+00	-1.660548686981201172e+00
-8.400025240521641123e+00	-9.886097908020019531e+00
-2.817071236310714433e+00	-5.301477432250976562e+00
1.219001434334138434e+00	-7.317482948303222656e+00
-1.893972345477434871e+00	-6.680440902709960938e+00
2.166647816576404040e+00	6.561946868896484375e-01
-7.982151735964317041e+00	-6.303004264831542969e+00
-6.770485305219111183e+00	-3.087876319885253906e+00
-8.394441639092217855e+00	6.194899082183837891e-01
1.168028159855424075e+00	-7.804236412048339844e+00
-1.519343483831065100e+00	-6.698081016540527344e+00
-5.094380224173288951e+00	-3.868673324584960938e+00
-4.028674928810739075e+00	-3.841744422912597656e+00
2.363290254940527468e+00	-3.227982044219970703e+00
5.986058987329583303e-01	-5.710757255554199219e+00
-1.815407685147365058e+01	-4.751775741577148438e+00
1.703032561818943691e+00	-3.404342412948608398e+00
-2.406277628326239437e+01	-2.899681568145751953e+00
3.270273931997919714e+00	-6.629784584045410156e+00
-2.199085092971864164e+00	-3.491953611373901367e+00
-2.265916020248118556e+00	-1.089908218383789062e+01
-8.631137527557353195e+00	-1.103687477111816406e+01
1.191359270349598987e+00	-7.595300674438476562e+00
-3.222252720932638148e+00	-1.992044568061828613e+00
-1.824409382496435583e+00	-4.668647766113281250e+00
-7.640050412045418682e+00	-5.552658081054687500e+00
3.773484181868312248e+00	-2.399398326873779297e+00
-1.893225728870317148e+00	-3.146182060241699219e+00
-1.923686633584196670e+00	-4.573127746582031250e+00
1.952988221576986927e+00	-4.933221817016601562e+00
3.964358732451021883e+00	-4.074660778045654297e+00
-5.204946098932339282e-02	-4.010153770446777344e+00
-3.377442770243691328e+00	-1.012217044830322266e+01
2.957248836115536683e+00	-6.009705066680908203e-01
2.397810392277343716e+00	-5.026073455810546875e+00
2.018355847722422602e+00	-3.376068353652954102e+00
-6.118846162646352838e+00	-6.464267730712890625e+00
-1.296159789857545519e+01	-3.821104049682617188e+00
-9.713505444549479506e+00	-4.176230430603027344e+00
-3.561292108619289465e-01	-3.501920700073242188e+00
-1.506943134529451811e+01	-3.584758043289184570e+00
2.830631043337848318e+00	-4.825652599334716797e+00
-1.346574416466274471e+01	-5.751553058624267578e+00
-1.358348647679308741e+00	-8.486097335815429688e+00
-9.882998034156770473e+00	-4.919555664062500000e+00
6.991084093843356051e-01	-5.512406349182128906e+00
3.226455979241462213e+00	-5.380218505859375000e+00
-1.386460110016582803e+01	-4.851402759552001953e+00
-1.071645445776681527e+01	-5.096393108367919922e+00
-7.749783000208077866e+00	-6.461797714233398438e+00
-2.046106288462830491e+01	-3.823968887329101562e+00
-2.068548890042618993e+00	-5.468084335327148438e+00
-1.666409453724007506e+01	-6.188172340393066406e+00
1.035601485585688764e+00	-5.221558094024658203e+00
6.373263135321551864e-01	-4.710425376892089844e+00
-8.987954010576972408e+00	-4.123335838317871094e+00
-7.920105525855722917e-01	-3.898337364196777344e+00
-5.596208077819088800e+00	-3.957464694976806641e+00
-8.092607637900954387e+00	-6.362841606140136719e+00
-7.736444358999019499e+00	-3.231331825256347656e+00
-5.410143692240785285e+00	-5.398680686950683594e+00
-2.571353900037417262e+00	-3.567069530487060547e+00
3.445930749152509964e+00	-4.168647766113281250e+00
-7.908761054659027678e+00	-4.931459426879882812e+00
3.422752027415874476e+00	-4.970529556274414062e+00
2.823956965254764917e+00	-5.930479049682617188e+00
3.978484473258649068e+00	-6.544229507446289062e+00
3.436283632644100194e+00	-5.834091186523437500e+00
-1.549882000107125890e+01	-7.496912002563476562e+00
-1.912208986792061083e+01	-3.947157621383666992e+00
-5.416229643357716839e+00	-4.689395904541015625e+00
3.955081925551042321e+00	-4.505017280578613281e+00
2.052022281367915646e+00	-6.462915420532226562e+00
1.456772765239215062e+00	-3.927431821823120117e+00
-1.447408112343427078e+01	-4.433326721191406250e+00
1.812970887926259600e-01	-4.960249900817871094e+00
2.269609977558845415e+00	-1.091809558868408203e+01
-3.859645590990323782e-01	-5.072132110595703125e+00
-5.407205643288518715e+00	-8.823438644409179688e+00
-1.464884885095858991e+01	-4.987707138061523438e+00
-4.971396607624832598e+00	-2.994467020034790039e+00
7.661737461387576609e-01	-5.326951026916503906e+00
-4.212331240325868364e+00	-5.412653923034667969e+00
3.005382692027230629e+00	-7.339394569396972656e+00
-3.641125762627191342e+00	-5.620510101318359375e+00
-2.149656245314918834e+01	-8.721426963806152344e+00
-1.986266773680428699e+00	-3.264477014541625977e+00
-5.554223711852207757e+00	-4.303672790527343750e+00
2.048937260673696414e+00	-3.958264589309692383e+00
-3.402016197132669006e-01	-2.494165658950805664e+00
-4.208555079827052126e-01	-4.382983207702636719e+00
-1.078170444250290316e+01	-4.959481239318847656e+00
-9.189785737685202349e+00	-4.366518974304199219e+00
-8.999462209369900378e+00	-4.512514591217041016e+00
-1.064158889016854559e+01	-4.046659469604492188e+00
3.167911409565130398e+00	-6.685016632080078125e+00
-1.663097615233212778e+01	-5.818895339965820312e+00
-5.865486876309480735e+00	-4.255824089050292969e+00
2.068148545892385837e+00	-5.428978919982910156e+00
-8.100847875147891841e+00	-3.326833009719848633e+00
-8.563599698940826954e-03	-1.109894752502441406e+01
2.864079170259802520e+00	-4.735705375671386719e+00
3.779005206142031170e+00	-5.495924949645996094e+00
-6.910443811069221454e+00	-4.810271739959716797e+00
-6.275393521398591190e-01	-4.528879642486572266e+00
-8.278352888039304247e+00	-5.756506443023681641e+00
-1.583125126111536929e+01	-6.772503852844238281e+00
-1.190014529780524555e+01	-2.162750482559204102e+00
-1.578288364579709224e+01	-5.187874794006347656e+00
3.750876525008438378e+00	-3.670048236846923828e+00
-8.680021969210956811e+00	-2.214904308319091797e+00
-9.390836718455314980e+00	-5.902393341064453125e+00
-5.505750981164947433e-01	-9.257405281066894531e+00
-3.010548071117151281e+00	-5.102075576782226562e+00
-4.279730738600818540e+00	-4.146685123443603516e+00
-1.044230334830425377e+00	-6.123250007629394531e+00
2.671560468084885009e+00	-2.280226707458496094e+00
-3.146477596359726903e+00	-1.586774945259094238e+00
3.314020119661498232e+00	-2.538429260253906250e+00
1.482206472189086632e+00	2.401607036590576172e-01
3.407005341974930435e+00	-1.328565788269042969e+01
-1.081845964528858239e+01	-2.539198637008666992e+00
-5.628973123751919161e+00	-2.205894231796264648e+00
-1.282153752554025061e+01	-1.646369457244873047e+00
3.241654075338916474e+00	-1.865634441375732422e+00
-7.743638424900822770e-02	-2.205894231796264648e+00
-3.748999262300822366e+00	-5.371553897857666016e-01
-5.209233398643586810e-02	-2.205894231796264648e+00
-1.022084913876623880e+01	-3.031280517578125000e+00
-6.649438672145663531e+00	-1.396532058715820312e-01
-2.815013289492506843e+00	-2.205894231796264648e+00
-6.223726722100392905e+00	-4.038787841796875000e+00
-1.757757770340229087e+01	-1.321074581146240234e+01
1.214378733578153735e+00	-1.713984847068786621e+00
-1.613764016225419695e+01	-2.074455022811889648e+00
2.891462918748008981e+00	5.752888679504394531e+00
-2.088077653116799937e+00	-2.155025482177734375e+00
1.234311480010946038e+00	-1.315494656562805176e+00
2.977089815107167858e+00	-2.386771678924560547e+00
-6.222542332970760981e+00	-2.844087839126586914e+00
-1.409183892857273079e+00	7.453830242156982422e-01
-3.533793304058264972e+00	6.078763008117675781e-01
1.316262016806359014e+00	-3.634330511093139648e+00
1.505924615199558669e+00	1.338952302932739258e+00
3.921890278725168599e+00	-1.657559156417846680e+00
2.769515093079109036e-01	-2.205894231796264648e+00
9.778961653492133088e-01	-6.174189090728759766e+00
5.350155921786683422e-01	-2.167130708694458008e+00
8.031683150880963851e-01	-2.379878044128417969e+00
6.712994744353371068e-01	-9.735498428344726562e-01
-8.727505213482951163e-01	-1.961086988449096680e+00
-5.161742173694600311e+00	-2.033403396606445312e+00
-1.172505638636851266e+01	1.260256052017211914e+00
-8.941665073819892839e+00	-7.652508020401000977e-01
-2.226271834047592435e+00	-2.205894231796264648e+00
-1.252429335646117181e+01	-4.969995021820068359e-01
-1.081576208320699450e+00	3.059230089187622070e+00
-4.336919988941325244e+00	-2.683580398559570312e+00
4.385146216881894432e-01	-1.926115274429321289e+00
3.004487936846611973e+00	-7.873985290527343750e+00
1.358023080330030830e+00	-1.383348703384399414e+00
-4.437706814739833305e+00	-6.558601379394531250e+00
-5.641274222033075603e+00	-1.175894260406494141e+00
-7.941762525895779135e-02	1.403210163116455078e-01
3.106862755954621580e+00	2.574527978897094727e+00
-1.734954022510311944e+00	-4.884117841720581055e-01
-7.062958732722885102e+00	-5.939852714538574219e+00
4.897610218239494273e-01	-6.037840843200683594e+00
-1.078669582082857303e+01	2.524557113647460938e-01
-1.509793039724517882e+01	-3.649345397949218750e+00
-4.780834850608181696e+00	-1.209687709808349609e+00
-3.051239401131180529e+00	-4.075250625610351562e+00
-1.824868269467870618e+00	-2.312721252441406250e+00
-2.786590189172412302e+00	-1.306908369064331055e+00
1.174708504238928697e+00	-4.705005645751953125e+00
8.940875107222030493e-01	-1.434758186340332031e+00
7.836630089905569641e-01	-1.255541324615478516e+00
-1.190567412515985524e+00	-9.688134193420410156e+00
2.185932349670607788e+00	1.265235662460327148e+00
-9.524481721097679099e+00	-1.114914536476135254e+00
1.553767494174437491e+00	-2.577674627304077148e+00
2.750830543837272657e+00	3.179934024810791016e-01
-4.034890357343991596e+00	-1.948813557624816895e+00
3.316978917417006123e-01	-5.715873241424560547e+00
-9.456943319734122610e+00	-6.328046321868896484e-01
3.356373700300641083e+00	6.084081649780273438e+00
-2.909673353051200451e+00	-2.434196233749389648e+00
-3.263343402117405034e+00	-1.397620797157287598e+00
3.719549254310170472e+00	-2.205894231796264648e+00
-1.912590915020304649e+01	7.491345405578613281e+00
-1.490140761080447263e+01	-2.205894231796264648e+00
-8.621239946509131613e+00	-2.205894231796264648e+00
-4.659559361044003367e+00	-2.797574996948242188e+00
-1.498538767013846496e+01	-1.392193555831909180e+00
9.548113604380072950e-01	-2.583103418350219727e+00
-1.407847179691644612e+01	-2.138883113861083984e+00
-8.273864407526676956e+00	-1.402483224868774414e+00
2.754585196568559713e+00	-3.950644493103027344e+00
-3.086769538145300196e+00	-3.396096706390380859e+00
1.667288828466501283e+00	-2.205894231796264648e+00
-7.475559542183662032e+00	-2.099684000015258789e+00
-4.023490927504241199e+00	-3.423209428787231445e+00
-5.107671766150057024e+00	-6.861107349395751953e-01
-8.530485379759227271e+00	1.828009843826293945e+00
3.378879691837226584e+00	-2.966044425964355469e+00
-2.418150373490350447e+00	-6.231699943542480469e+00
-6.463839965020925504e-01	-8.320479393005371094e-01
-1.764054275704474151e-01	-6.479793548583984375e+00
1.136847547935984082e+00	-1.314115285873413086e+00
4.792151307364691526e-01	-3.058216571807861328e-01
-1.636665252478033850e+01	-4.952892303466796875e+00
-6.246775740127011645e+00	-3.024844169616699219e+00
-6.678651515090287205e+00	-8.576716423034667969e+00
-1.145099539032624847e+00	-2.962782382965087891e+00
9.803694693375262226e-01	-5.896215438842773438e+00
-6.764176904306205884e+00	-4.158145427703857422e+00
-8.648413317420937219e+00	-5.363897323608398438e+00
-1.062695910334698368e+01	-7.760960578918457031e+00
-1.648207484547523549e+01	-2.790599107742309570e+00
-1.292722930026025097e+01	-1.254535675048828125e+01
1.290272886638759609e+00	-3.670954465866088867e+00
2.067040680131790431e+00	-5.944808006286621094e+00
-1.087733822234982917e+01	1.102267026901245117e+00
2.974986188122204389e+00	-7.317276000976562500e+00
-2.095527896351407904e+00	2.203874826431274414e+00
5.455075155848039259e-01	-2.345490217208862305e+00
-5.546984427228725423e+00	-4.355758666992187500e+00
-1.484454043107076515e+01	-7.482652664184570312e+00
-3.094202000211003778e-01	-8.066367149353027344e+00
2.599045819867204621e+00	-5.888630867004394531e+00
-2.977088192239978071e+01	-9.276793479919433594e+00
-1.518710191266261944e+01	-4.597687721252441406e+00
-1.028097472814096491e+01	-2.086191177368164062e+00
1.584906160772006078e+00	-5.935426235198974609e+00
-6.683054094255128419e+00	-8.183185577392578125e+00
1.062806986868259695e+00	-9.282181739807128906e+00
-6.124598617005680978e-01	-5.209384918212890625e+00
-7.725311418216556092e-01	-8.291591644287109375e+00
-1.719591397053228832e+01	-3.069748878479003906e+00
-9.238450304661686374e+00	1.736191987991333008e+00
-1.441898561808974577e+00	-2.680607318878173828e+00
1.441616951091282850e+00	-5.299727916717529297e+00
-3.255373468072413345e+00	-1.103890800476074219e+01
-1.516601905816250806e+01	-1.426940631866455078e+01
-5.704875885590764639e+00	-3.811902284622192383e+00
3.687400361430083873e+00	1.943978548049926758e+00
4.333368197683156176e-01	-3.592260360717773438e+00
-1.127799266800704636e+00	-2.642620325088500977e+00
9.170379944468916023e-01	-6.144537925720214844e+00
3.642230410091130910e+00	-3.775525569915771484e+00
4.696948978904562644e-01	-8.215027809143066406e+00
-3.184082063250913031e+00	-2.701594114303588867e+00
-1.360613227133238290e+00	-3.879464149475097656e+00
-3.445357420127690418e+00	-1.604602336883544922e+00
2.683109942280301752e-01	-2.323342561721801758e+00
-1.030660204473491603e+00	-4.782959938049316406e+00
-1.720619428544822327e+01	-2.337036371231079102e+00
-1.052927447460497490e+00	-6.605075836181640625e+00
-4.383886815432642692e+00	-1.136874294281005859e+01
3.475121999781060289e+00	-3.814730644226074219e+00
2.169990226770518671e+00	-1.996235847473144531e+00
3.941948577637699902e+00	-7.347065925598144531e+00
2.042088086940414549e+00	-1.279687118530273438e+01
1.806836255573145866e+00	-4.366291046142578125e+00
-6.507809328142862171e+00	-5.870164871215820312e+00
1.819939221985648725e+00	-5.818406105041503906e+00
-6.729435374738027775e+00	-5.653038024902343750e+00
-6.183907126044767111e+00	-7.633498191833496094e+00
1.557883101732512543e+00	7.909147262573242188e+00
-4.672592979821246217e+00	-3.167935371398925781e+00
2.736274687579091314e+00	-8.737146377563476562e+00
-2.909109848917935892e+00	-6.078012466430664062e+00
-4.952545983697463683e+00	-4.781766891479492188e+00
9.796515014445277281e-01	-1.741093397140502930e+00
8.060683235590104800e-01	-3.370466709136962891e+00
-5.701117053032044524e+00	-1.480767726898193359e+01
-1.089858982178111546e+01	-6.555565834045410156e+00
1.137781732200298990e+00	-2.637180328369140625e+00
3.818515286194053893e+00	-3.786248445510864258e+00
3.038405472940185703e+00	-6.457340240478515625e+00
-2.537127425239365408e+00	-4.782142639160156250e+00
-8.720900361844989845e+00	-1.073292970657348633e+00
-1.414351750532159002e+01	-8.513451576232910156e+00
-9.769890870037762909e-01	-4.070820808410644531e+00
